0.000000 0.000000   0.50000000
0.010000 0.010000   0.50010002
0.020000 0.020002   0.50020012
0.030000 0.030008   0.50030038
0.040000 0.040020   0.50040086
0.050000 0.050040   0.50050163
0.060000 0.060070   0.50060275
0.070000 0.070112   0.50070431
0.080000 0.080168   0.50080635
0.090000 0.090240   0.50090896
0.100000 0.100330   0.50101220
0.110000 0.110440   0.50111614
0.120000 0.120572   0.50122084
0.130000 0.130728   0.50132638
0.140000 0.140911   0.50143282
0.150000 0.151121   0.50154023
0.160000 0.161361   0.50164868
0.170000 0.171634   0.50175823
0.180000 0.181940   0.50186896
0.190000 0.192283   0.50198093
0.200000 0.202664   0.50209421
0.210000 0.213085   0.50220886
0.220000 0.223549   0.50232496
0.230000 0.234056   0.50244256
0.240000 0.244610   0.50256175
0.250000 0.255212   0.50268257
0.260000 0.265865   0.50280510
0.270000 0.276570   0.50292941
0.280000 0.287329   0.50305556
0.290000 0.298145   0.50318360
0.300000 0.309020   0.50331362
0.310000 0.319955   0.50344566
0.320000 0.330953   0.50357980
0.330000 0.342016   0.50371609
0.340000 0.353145   0.50385459
0.350000 0.364344   0.50399537
0.360000 0.375613   0.50413847
0.370000 0.386955   0.50428397
0.380000 0.398372   0.50443190
0.390000 0.409867   0.50458233
0.400000 0.421441   0.50473531
0.410000 0.433096   0.50489089
0.420000 0.444834   0.50504911
0.430000 0.456658   0.50521002
0.440000 0.468569   0.50537366
0.450000 0.480570   0.50554008
0.460000 0.492662   0.50570930
0.470000 0.504849   0.50588137
0.480000 0.517131   0.50605632
0.490000 0.529511   0.50623416
0.500000 0.541991   0.50641493
0.510000 0.554573   0.50659864
0.520000 0.567259   0.50678531
0.530000 0.580052   0.50697494
0.540000 0.592952   0.50716754
0.550000 0.605963   0.50736310
0.560000 0.619086   0.50756162
0.570000 0.632323   0.50776309
0.580000 0.645677   0.50796747
0.590000 0.659149   0.50817474
0.600000 0.672741   0.50838487
0.610000 0.686456   0.50859781
0.620000 0.700296   0.50881350
0.630000 0.714261   0.50903189
0.640000 0.728355   0.50925289
0.650000 0.742579   0.50947642
0.660000 0.756935   0.50970239
0.670000 0.771425   0.50993070
0.680000 0.786051   0.51016121
0.690000 0.800815   0.51039381
0.700000 0.815719   0.51062834
0.710000 0.830764   0.51086464
0.720000 0.845952   0.51110254
0.730000 0.861285   0.51134184
0.740000 0.876765   0.51158235
0.750000 0.892393   0.51182382
0.760000 0.908171   0.51206602
0.770000 0.924101   0.51230868
0.780000 0.940184   0.51255152
0.790000 0.956422   0.51279424
0.800000 0.972817   0.51303651
0.810000 0.989369   0.51327798
0.820000 1.006080   0.51351829
0.830000 1.022951   0.51375703
0.840000 1.039985   0.51399378
0.850000 1.057181   0.51422811
0.860000 1.074542   0.51445953
0.870000 1.092068   0.51468754
0.880000 1.109760   0.51491162
0.890000 1.127619   0.51513121
0.900000 1.145647   0.51534572
0.910000 1.163844   0.51555453
0.920000 1.182210   0.51575700
0.930000 1.200747   0.51595245
0.940000 1.219454   0.51614015
0.950000 1.238333   0.51631937
0.960000 1.257384   0.51648934
0.970000 1.276606   0.51664924
0.980000 1.296001   0.51679822
0.990000 1.315568   0.51693542
1.000000 1.335307   0.51705993
1.010000 1.355217   0.51717080
1.020000 1.375300   0.51726707
1.030000 1.395553   0.51734772
1.040000 1.415976   0.51741174
1.050000 1.436570   0.51745805
1.060000 1.457332   0.51748556
1.070000 1.478261   0.51749317
1.080000 1.499357   0.51747973
1.090000 1.520618   0.51744408
1.100000 1.542043   0.51738504
1.110000 1.563629   0.51730141
1.120000 1.585375   0.51719198
1.130000 1.607279   0.51705553
1.140000 1.629338   0.51689084
1.150000 1.651550   0.51669666
1.160000 1.673912   0.51647178
1.170000 1.696422   0.51621498
1.180000 1.719075   0.51592505
1.190000 1.741869   0.51560080
1.200000 1.764800   0.51524107
1.210000 1.787864   0.51484473
1.220000 1.811057   0.51441070
1.230000 1.834374   0.51393792
1.240000 1.857812   0.51342542
1.250000 1.881364   0.51287226
1.260000 1.905027   0.51227760
1.270000 1.928794   0.51164067
1.280000 1.952660   0.51096078
1.290000 1.976618   0.51023738
1.300000 2.000663   0.50946998
1.310000 2.024788   0.50865826
1.320000 2.048985   0.50780201
1.330000 2.073248   0.50690118
1.340000 2.097570   0.50595585
1.350000 2.121942   0.50496629
1.360000 2.146356   0.50393296
1.370000 2.170804   0.50285648
1.380000 2.195276   0.50173770
1.390000 2.219765   0.50057766
1.400000 2.244260   0.49937764
1.410000 2.268752   0.49813914
1.420000 2.293230   0.49686391
1.430000 2.317685   0.49555394
1.440000 2.342105   0.49421149
1.450000 2.366480   0.49283908
1.460000 2.390798   0.49143949
1.470000 2.415048   0.49001579
1.480000 2.439217   0.48857129
1.490000 2.463293   0.48710963
1.500000 2.487264   0.48563467
1.510000 2.511117   0.48415058
1.520000 2.534839   0.48266179
1.530000 2.558417   0.48117297
1.540000 2.581836   0.47968906
1.550000 2.605083   0.47821524
1.560000 2.628144   0.47675691
1.570000 2.651005   0.47531968
1.580000 2.673651   0.47390933
1.590000 2.696066   0.47253184
1.600000 2.718238   0.47119331
1.610000 2.740149   0.46989996
1.620000 2.761785   0.46865810
1.630000 2.783132   0.46747409
1.640000 2.804172   0.46635430
1.650000 2.824892   0.46530511
1.660000 2.845274   0.46433280
1.670000 2.865305   0.46344360
1.680000 2.884967   0.46264356
1.690000 2.904246   0.46193858
1.700000 2.923126   0.46133432
1.710000 2.941591   0.46083615
1.720000 2.959627   0.46044917
1.730000 2.977218   0.46017807
1.740000 2.994348   0.46002716
1.750000 3.011003   0.46000029
1.760000 3.027169   0.46010084
1.770000 3.042831   0.46033163
1.780000 3.057974   0.46069493
1.790000 3.072585   0.46119240
1.800000 3.086650   0.46182509
1.810000 3.100156   0.46259335
1.820000 3.113090   0.46349687
1.830000 3.125441   0.46453465
1.840000 3.137195   0.46570495
1.850000 3.148341   0.46700531
1.860000 3.158869   0.46843257
1.870000 3.168768   0.46998281
1.880000 3.178028   0.47165142
1.890000 3.186639   0.47343308
1.900000 3.194594   0.47532181
1.910000 3.201883   0.47731094
1.920000 3.208500   0.47939323
1.930000 3.214437   0.48156081
1.940000 3.219689   0.48380531
1.950000 3.224249   0.48611784
1.960000 3.228113   0.48848911
1.970000 3.231278   0.49090941
1.980000 3.233739   0.49336874
1.990000 3.235495   0.49585683
2.000000 3.236542   0.49836322
2.010000 3.236881   0.50087735
2.020000 3.236511   0.50338859
2.030000 3.235432   0.50588632
2.040000 3.233645   0.50836004
2.050000 3.231153   0.51079937
2.060000 3.227957   0.51319417
2.070000 3.224061   0.51553461
2.080000 3.219470   0.51781116
2.090000 3.214188   0.52001476
2.100000 3.208221   0.52213677
2.110000 3.201574   0.52416908
2.120000 3.194255   0.52610415
2.130000 3.186271   0.52793503
2.140000 3.177631   0.52965542
2.150000 3.168342   0.53125968
2.160000 3.158415   0.53274285
2.170000 3.147860   0.53410069
2.180000 3.136686   0.53532969
2.190000 3.124906   0.53642705
2.200000 3.112529   0.53739069
2.210000 3.099569   0.53821926
2.220000 3.086038   0.53891214
2.230000 3.071948   0.53946936
2.240000 3.057314   0.53989166
2.250000 3.042147   0.54018040
2.260000 3.026463   0.54033757
2.270000 3.010275   0.54036576
2.280000 2.993598   0.54026808
2.290000 2.976447   0.54004817
2.300000 2.958836   0.53971012
2.310000 2.940781   0.53925848
2.320000 2.922297   0.53869815
2.330000 2.903399   0.53803439
2.340000 2.884103   0.53727273
2.350000 2.864424   0.53641898
2.360000 2.844378   0.53547912
2.370000 2.823980   0.53445932
2.380000 2.803246   0.53336584
2.390000 2.782191   0.53220504
2.400000 2.760832   0.53098330
2.410000 2.739183   0.52970700
2.420000 2.717260   0.52838249
2.430000 2.695077   0.52701604
2.440000 2.672651   0.52561383
2.450000 2.649996   0.52418190
2.460000 2.627126   0.52272613
2.470000 2.604056   0.52125224
2.480000 2.580801   0.51976573
2.490000 2.557375   0.51827190
2.500000 2.533790   0.51677580
2.510000 2.510062   0.51528225
2.520000 2.486204   0.51379580
2.530000 2.462228   0.51232076
2.540000 2.438147   0.51086113
2.550000 2.413974   0.50942066
2.560000 2.389721   0.50800284
2.570000 2.365400   0.50661084
2.580000 2.341023   0.50524760
2.590000 2.316601   0.50391577
2.600000 2.292145   0.50261772
2.610000 2.267666   0.50135557
2.620000 2.243174   0.50013121
2.630000 2.218679   0.49894624
2.640000 2.194191   0.49780206
2.650000 2.169719   0.49669981
2.660000 2.145272   0.49564045
2.670000 2.120860   0.49462470
2.680000 2.096490   0.49365310
2.690000 2.072171   0.49272600
2.700000 2.047911   0.49184357
2.710000 2.023716   0.49100584
2.720000 1.999595   0.49021267
2.730000 1.975554   0.48946378
2.740000 1.951599   0.48875876
2.750000 1.927738   0.48809709
2.760000 1.903975   0.48747815
2.770000 1.880318   0.48690121
2.780000 1.856770   0.48636544
2.790000 1.833338   0.48586997
2.800000 1.810026   0.48541382
2.810000 1.786838   0.48499599
2.820000 1.763780   0.48461540
2.830000 1.740855   0.48427094
2.840000 1.718067   0.48396145
2.850000 1.695420   0.48368577
2.860000 1.672918   0.48344269
2.870000 1.650562   0.48323099
2.880000 1.628357   0.48304945
2.890000 1.606304   0.48289685
2.900000 1.584408   0.48277194
2.910000 1.562668   0.48267350
2.920000 1.541089   0.48260031
2.930000 1.519672   0.48255117
2.940000 1.498418   0.48252489
2.950000 1.477329   0.48252028
2.960000 1.456407   0.48253621
2.970000 1.435653   0.48257153
2.980000 1.415067   0.48262515
2.990000 1.394651   0.48269598
3.000000 1.374405   0.48278299
3.010000 1.354331   0.48288514
3.020000 1.334428   0.48300145
3.030000 1.314697   0.48313097
3.040000 1.295137   0.48327276
3.050000 1.275750   0.48342594
3.060000 1.256535   0.48358964
3.070000 1.237492   0.48376304
3.080000 1.218621   0.48394534
3.090000 1.199921   0.48413579
3.100000 1.181392   0.48433364
3.110000 1.163033   0.48453821
3.120000 1.144844   0.48474883
3.130000 1.126824   0.48496486
3.140000 1.108972   0.48518571
3.150000 1.091287   0.48541080
3.160000 1.073768   0.48563958
3.170000 1.056415   0.48587154
3.180000 1.039226   0.48610619
3.190000 1.022200   0.48634307
3.200000 1.005335   0.48658175
3.210000 0.988631   0.48682182
3.220000 0.972086   0.48706289
3.230000 0.955699   0.48730461
3.240000 0.939468   0.48754663
3.250000 0.923391   0.48778865
3.260000 0.907468   0.48803036
3.270000 0.891697   0.48827150
3.280000 0.876075   0.48851181
3.290000 0.860602   0.48875105
3.300000 0.845275   0.48898901
3.310000 0.830093   0.48922548
3.320000 0.815055   0.48946028
3.330000 0.800157   0.48969325
3.340000 0.785400   0.48992423
3.350000 0.770780   0.49015307
3.360000 0.756296   0.49037966
3.370000 0.741945   0.49060388
3.380000 0.727727   0.49082563
3.390000 0.713639   0.49104482
3.400000 0.699679   0.49126137
3.410000 0.685846   0.49147521
3.420000 0.672136   0.49168627
3.430000 0.658549   0.49189453
3.440000 0.645082   0.49209992
3.450000 0.631734   0.49230241
3.460000 0.618502   0.49250199
3.470000 0.605384   0.49269863
3.480000 0.592378   0.49289232
3.490000 0.579482   0.49308305
3.500000 0.566694   0.49327083
3.510000 0.554013   0.49345566
3.520000 0.541436   0.49363755
3.530000 0.528960   0.49381652
3.540000 0.516584   0.49399259
3.550000 0.504306   0.49416578
3.560000 0.492124   0.49433612
3.570000 0.480036   0.49450364
3.580000 0.468039   0.49466838
3.590000 0.456132   0.49483038
3.600000 0.444312   0.49498967
3.610000 0.432577   0.49514631
3.620000 0.420926   0.49530033
3.630000 0.409355   0.49545179
3.640000 0.397864   0.49560074
3.650000 0.386451   0.49574722
3.660000 0.375112   0.49589130
3.670000 0.363846   0.49603302
3.680000 0.352650   0.49617245
3.690000 0.341524   0.49630965
3.700000 0.330464   0.49644467
3.710000 0.319469   0.49657758
3.720000 0.308537   0.49670843
3.730000 0.297665   0.49683729
3.740000 0.286851   0.49696422
3.750000 0.276094   0.49708928
3.760000 0.265391   0.49721255
3.770000 0.254741   0.49733409
3.780000 0.244141   0.49745395
3.790000 0.233589   0.49757221
3.800000 0.223084   0.49768893
3.810000 0.212622   0.49780419
3.820000 0.202203   0.49791804
3.830000 0.191824   0.49803055
3.840000 0.181483   0.49814179
3.850000 0.171178   0.49825184
3.860000 0.160907   0.49836074
3.870000 0.150668   0.49846859
3.880000 0.140459   0.49857543
3.890000 0.130278   0.49868134
3.900000 0.120123   0.49878639
3.910000 0.109991   0.49889065
3.920000 0.099882   0.49899418
3.930000 0.089793   0.49909705
3.940000 0.079722   0.49919932
3.950000 0.069666   0.49930108
3.960000 0.059625   0.49940238
3.970000 0.049595   0.49950329
3.980000 0.039576   0.49960389
3.990000 0.029564   0.49970423
4.000000 0.019558   0.49980439
4.010000 0.009557   0.49990444
4.020000 -0.000443   0.50000443
4.030000 -0.010443   0.50010445
4.040000 -0.020446   0.50020456
4.050000 -0.030452   0.50030483
4.060000 -0.040464   0.50040532
4.070000 -0.050485   0.50050610
4.080000 -0.060515   0.50060725
4.090000 -0.070558   0.50070882
4.100000 -0.080614   0.50081089
4.110000 -0.090687   0.50091353
4.120000 -0.100778   0.50101680
4.130000 -0.110889   0.50112077
4.140000 -0.121022   0.50122550
4.150000 -0.131179   0.50133108
4.160000 -0.141363   0.50143756
4.170000 -0.151574   0.50154502
4.180000 -0.161816   0.50165351
4.190000 -0.172090   0.50176312
4.200000 -0.182398   0.50187390
4.210000 -0.192743   0.50198593
4.220000 -0.203125   0.50209926
4.230000 -0.213548   0.50221398
4.240000 -0.224014   0.50233014
4.250000 -0.234523   0.50244782
4.260000 -0.245079   0.50256707
4.270000 -0.255684   0.50268797
4.280000 -0.266338   0.50281058
4.290000 -0.277046   0.50293496
4.300000 -0.287808   0.50306119
4.310000 -0.298626   0.50318933
4.320000 -0.309504   0.50331943
4.330000 -0.320442   0.50345157
4.340000 -0.331442   0.50358580
4.350000 -0.342508   0.50372218
4.360000 -0.353640   0.50386079
4.370000 -0.364842   0.50400166
4.380000 -0.376114   0.50414487
4.390000 -0.387460   0.50429047
4.400000 -0.398880   0.50443852
4.410000 -0.410378   0.50458906
4.420000 -0.421956   0.50474216
4.430000 -0.433614   0.50489785
4.440000 -0.445356   0.50505619
4.450000 -0.457184   0.50521722
4.460000 -0.469099   0.50538098
4.470000 -0.481104   0.50554752
4.480000 -0.493201   0.50571687
4.490000 -0.505391   0.50588907
4.500000 -0.517678   0.50606414
4.510000 -0.530062   0.50624212
4.520000 -0.542547   0.50642302
4.530000 -0.555133   0.50660686
4.540000 -0.567824   0.50679366
4.550000 -0.580621   0.50698342
4.560000 -0.593527   0.50717615
4.570000 -0.606542   0.50737184
4.580000 -0.619670   0.50757049
4.590000 -0.632913   0.50777209
4.600000 -0.646272   0.50797660
4.610000 -0.659749   0.50818400
4.620000 -0.673347   0.50839426
4.630000 -0.687067   0.50860732
4.640000 -0.700912   0.50882313
4.650000 -0.714883   0.50904163
4.660000 -0.728983   0.50926275
4.670000 -0.743213   0.50948639
4.680000 -0.757575   0.50971247
4.690000 -0.772071   0.50994087
4.700000 -0.786703   0.51017149
4.710000 -0.801473   0.51040417
4.720000 -0.816383   0.51063878
4.730000 -0.831434   0.51087516
4.740000 -0.846629   0.51111312
4.750000 -0.861968   0.51135249
4.760000 -0.877454   0.51159303
4.770000 -0.893089   0.51183454
4.780000 -0.908874   0.51207677
4.790000 -0.924811   0.51231945
4.800000 -0.940901   0.51256229
4.810000 -0.957146   0.51280500
4.820000 -0.973547   0.51304724
4.830000 -0.990106   0.51328867
4.840000 -1.006824   0.51352891
4.850000 -1.023703   0.51376757
4.860000 -1.040744   0.51400423
4.870000 -1.057947   0.51423843
4.880000 -1.075315   0.51446971
4.890000 -1.092849   0.51469756
4.900000 -1.110548   0.51492146
4.910000 -1.128415   0.51514083
4.920000 -1.146450   0.51535510
4.930000 -1.164654   0.51556365
4.940000 -1.183028   0.51576582
4.950000 -1.201572   0.51596094
4.960000 -1.220288   0.51614828
4.970000 -1.239174   0.51632711
4.980000 -1.258232   0.51649665
4.990000 -1.277463   0.51665608
5.000000 -1.296865   0.51680456
5.010000 -1.316439   0.51694122
5.020000 -1.336186   0.51706514
5.030000 -1.356104   0.51717539
5.040000 -1.376194   0.51727098
5.050000 -1.396455   0.51735092
5.060000 -1.416886   0.51741417
5.070000 -1.437487   0.51745967
5.080000 -1.458256   0.51748633
5.090000 -1.479193   0.51749303
5.100000 -1.500296   0.51747863
5.110000 -1.521565   0.51744197
5.120000 -1.542997   0.51738186
5.130000 -1.564590   0.51729711
5.140000 -1.586343   0.51718651
5.150000 -1.608254   0.51704884
5.160000 -1.630320   0.51688286
5.170000 -1.652539   0.51668735
5.180000 -1.674907   0.51646108
5.190000 -1.697423   0.51620283
5.200000 -1.720083   0.51591141
5.210000 -1.742883   0.51558561
5.220000 -1.765820   0.51522428
5.230000 -1.788889   0.51482629
5.240000 -1.812088   0.51439056
5.250000 -1.835411   0.51391605
5.260000 -1.858854   0.51340176
5.270000 -1.882411   0.51284678
5.280000 -1.906079   0.51225026
5.290000 -1.929850   0.51161143
5.300000 -1.953720   0.51092963
5.310000 -1.977683   0.51020428
5.320000 -2.001731   0.50943493
5.330000 -2.025859   0.50862124
5.340000 -2.050060   0.50776301
5.350000 -2.074326   0.50686020
5.360000 -2.098650   0.50591290
5.370000 -2.123024   0.50492139
5.380000 -2.147439   0.50388613
5.390000 -2.171888   0.50280776
5.400000 -2.196362   0.50168712
5.410000 -2.220851   0.50052528
5.420000 -2.245346   0.49932352
5.430000 -2.269838   0.49808336
5.440000 -2.294315   0.49680654
5.450000 -2.318769   0.49549508
5.460000 -2.343187   0.49415125
5.470000 -2.367560   0.49277757
5.480000 -2.391875   0.49137685
5.490000 -2.416121   0.48995215
5.500000 -2.440286   0.48850681
5.510000 -2.464358   0.48704447
5.520000 -2.488325   0.48556902
5.530000 -2.512172   0.48408463
5.540000 -2.535888   0.48259573
5.550000 -2.559459   0.48110702
5.560000 -2.582871   0.47962345
5.570000 -2.606110   0.47815021
5.580000 -2.629162   0.47669269
5.590000 -2.652014   0.47525652
5.600000 -2.674650   0.47384751
5.610000 -2.697055   0.47247162
5.620000 -2.719215   0.47113496
5.630000 -2.741114   0.46984376
5.640000 -2.762738   0.46860433
5.650000 -2.784071   0.46742303
5.660000 -2.805098   0.46630624
5.670000 -2.825803   0.46526031
5.680000 -2.846170   0.46429156
5.690000 -2.866184   0.46340619
5.700000 -2.885830   0.46261024
5.710000 -2.905092   0.46190961
5.720000 -2.923954   0.46130994
5.730000 -2.942400   0.46081660
5.740000 -2.960417   0.46043466
5.750000 -2.977987   0.46016880
5.760000 -2.995097   0.46002331
5.770000 -3.011731   0.46000203
5.780000 -3.027874   0.46010829
5.790000 -3.043513   0.46034491
5.800000 -3.058633   0.46071413
5.810000 -3.073220   0.46121759
5.820000 -3.087261   0.46185628
5.830000 -3.100742   0.46263055
5.840000 -3.113651   0.46354006
5.850000 -3.125975   0.46458375
5.860000 -3.137702   0.46575987
5.870000 -3.148821   0.46706594
5.880000 -3.159321   0.46849874
5.890000 -3.169192   0.47005433
5.900000 -3.178423   0.47172807
5.910000 -3.187006   0.47351461
5.920000 -3.194931   0.47540794
5.930000 -3.202191   0.47740136
5.940000 -3.208778   0.47948760
5.950000 -3.214684   0.48165877
5.960000 -3.219905   0.48390648
5.970000 -3.224435   0.48622182
5.980000 -3.228269   0.48859547
5.990000 -3.231402   0.49101771
6.000000 -3.233832   0.49347854
6.010000 -3.235556   0.49596766
6.020000 -3.236572   0.49847462
6.030000 -3.236880   0.50098885
6.040000 -3.236478   0.50349971
6.050000 -3.235368   0.50599660
6.060000 -3.233550   0.50846901
6.070000 -3.231026   0.51090658
6.080000 -3.227799   0.51329918
6.090000 -3.223873   0.51563698
6.100000 -3.219251   0.51791049
6.110000 -3.213938   0.52011065
6.120000 -3.207940   0.52222884
6.130000 -3.201264   0.52425700
6.140000 -3.193915   0.52618759
6.150000 -3.185902   0.52801371
6.160000 -3.177233   0.52972906
6.170000 -3.167916   0.53132805
6.180000 -3.157961   0.53280574
6.190000 -3.147377   0.53415795
6.200000 -3.136177   0.53538116
6.210000 -3.124369   0.53647262
6.220000 -3.111967   0.53743030
6.230000 -3.098981   0.53825287
6.240000 -3.085425   0.53893972
6.250000 -3.071311   0.53949094
6.260000 -3.056652   0.53990728
6.270000 -3.041462   0.54019014
6.280000 -3.025756   0.54034154
6.290000 -3.009546   0.54036407
6.300000 -2.992848   0.54026089
6.310000 -2.975676   0.54003565
6.320000 -2.958045   0.53969247
6.330000 -2.939971   0.53923590
6.340000 -2.921468   0.53867087
6.350000 -2.902552   0.53800264
6.360000 -2.883238   0.53723678
6.370000 -2.863543   0.53637908
6.380000 -2.843481   0.53543555
6.390000 -2.823067   0.53441234
6.400000 -2.802319   0.53331575
6.410000 -2.781251   0.53215211
6.420000 -2.759878   0.53092782
6.430000 -2.738217   0.52964924
6.440000 -2.716282   0.52832274
6.450000 -2.694088   0.52695458
6.460000 -2.671651   0.52555092
6.470000 -2.648986   0.52411780
6.480000 -2.626107   0.52266111
6.490000 -2.603029   0.52118655
6.500000 -2.579766   0.51969960
6.510000 -2.556332   0.51820557
6.520000 -2.532741   0.51670948
6.530000 -2.509007   0.51521615
6.540000 -2.485143   0.51373012
6.550000 -2.461162   0.51225568
6.560000 -2.437077   0.51079682
6.570000 -2.412900   0.50935729
6.580000 -2.388644   0.50794054
6.590000 -2.364321   0.50654976
6.600000 -2.339941   0.50518786
6.610000 -2.315518   0.50385747
6.620000 -2.291060   0.50256097
6.630000 -2.266580   0.50130047
6.640000 -2.242088   0.50007782
6.650000 -2.217593   0.49889463
6.660000 -2.193105   0.49775228
6.670000 -2.168634   0.49665192
6.680000 -2.144189   0.49559448
6.690000 -2.119779   0.49458068
6.700000 -2.095411   0.49361104
6.710000 -2.071094   0.49268592
6.720000 -2.046836   0.49180548
6.730000 -2.022645   0.49096973
6.740000 -1.998527   0.49017852
6.750000 -1.974490   0.48943159
6.760000 -1.950539   0.48872850
6.770000 -1.926682   0.48806875
6.780000 -1.902924   0.48745168
6.790000 -1.879271   0.48687658
6.800000 -1.855728   0.48634262
6.810000 -1.832301   0.48584892
6.820000 -1.808995   0.48539449
6.830000 -1.785813   0.48497833
6.840000 -1.762761   0.48459937
6.850000 -1.739842   0.48425648
6.860000 -1.717060   0.48394852
6.870000 -1.694419   0.48367431
6.880000 -1.671923   0.48343264
6.890000 -1.649574   0.48322231
6.900000 -1.627376   0.48304208
6.910000 -1.605330   0.48289073
6.920000 -1.583440   0.48276702
6.930000 -1.561708   0.48266973
6.940000 -1.540136   0.48259763
6.950000 -1.518726   0.48254953
6.960000 -1.497480   0.48252423
6.970000 -1.476398   0.48252056
6.980000 -1.455483   0.48253737
6.990000 -1.434736   0.48257353
7.000000 -1.414158   0.48262793
7.010000 -1.393750   0.48269951
7.020000 -1.373512   0.48278720
7.030000 -1.353445   0.48289001
7.040000 -1.333549   0.48300692
7.050000 -1.313826   0.48313700
7.060000 -1.294274   0.48327932
7.070000 -1.274895   0.48343298
7.080000 -1.255687   0.48359713
7.090000 -1.236652   0.48377094
7.100000 -1.217788   0.48395362
7.110000 -1.199096   0.48414441
7.120000 -1.180574   0.48434258
7.130000 -1.162223   0.48454743
7.140000 -1.144041   0.48475830
7.150000 -1.126029   0.48497456
7.160000 -1.108184   0.48519561
7.170000 -1.090507   0.48542087
7.180000 -1.072995   0.48564980
7.190000 -1.055649   0.48588189
7.200000 -1.038468   0.48611665
7.210000 -1.021448   0.48635362
7.220000 -1.004591   0.48659237
7.230000 -0.987894   0.48683249
7.240000 -0.971356   0.48707360
7.250000 -0.954976   0.48731534
7.260000 -0.938752   0.48755737
7.270000 -0.922682   0.48779938
7.280000 -0.906766   0.48804107
7.290000 -0.891001   0.48828218
7.300000 -0.875386   0.48852244
7.310000 -0.859919   0.48876163
7.320000 -0.844599   0.48899952
7.330000 -0.829423   0.48923593
7.340000 -0.814391   0.48947065
7.350000 -0.799500   0.48970354
7.360000 -0.784749   0.48993442
7.370000 -0.770135   0.49016317
7.380000 -0.755656   0.49038966
7.390000 -0.741312   0.49061377
7.400000 -0.727100   0.49083541
7.410000 -0.713017   0.49105448
7.420000 -0.699063   0.49127091
7.430000 -0.685235   0.49148462
7.440000 -0.671531   0.49169557
7.450000 -0.657949   0.49190369
7.460000 -0.644488   0.49210896
7.470000 -0.631145   0.49231132
7.480000 -0.617917   0.49251077
7.490000 -0.604804   0.49270728
7.500000 -0.591804   0.49290084
7.510000 -0.578913   0.49309144
7.520000 -0.566130   0.49327909
7.530000 -0.553453   0.49346379
7.540000 -0.540880   0.49364555
7.550000 -0.528409   0.49382439
7.560000 -0.516038   0.49400033
7.570000 -0.503764   0.49417339
7.580000 -0.491586   0.49434361
7.590000 -0.479502   0.49451101
7.600000 -0.467509   0.49467562
7.610000 -0.455606   0.49483750
7.620000 -0.443789   0.49499668
7.630000 -0.432059   0.49515319
7.640000 -0.420411   0.49530710
7.650000 -0.408844   0.49545845
7.660000 -0.397357   0.49560728
7.670000 -0.385946   0.49575366
7.680000 -0.374610   0.49589763
7.690000 -0.363348   0.49603925
7.700000 -0.352155   0.49617859
7.710000 -0.341032   0.49631568
7.720000 -0.329975   0.49645061
7.730000 -0.318983   0.49658342
7.740000 -0.308053   0.49671418
7.750000 -0.297184   0.49684296
7.760000 -0.286373   0.49696980
7.770000 -0.275618   0.49709479
7.780000 -0.264918   0.49721798
7.790000 -0.254270   0.49733944
7.800000 -0.243672   0.49745923
7.810000 -0.233122   0.49757742
7.820000 -0.222619   0.49769407
7.830000 -0.212159   0.49780926
7.840000 -0.201742   0.49792305
7.850000 -0.191364   0.49803551
7.860000 -0.181025   0.49814670
7.870000 -0.170721   0.49825669
7.880000 -0.160452   0.49836555
7.890000 -0.150214   0.49847335
7.900000 -0.140007   0.49858015
7.910000 -0.129827   0.49868602
7.920000 -0.119673   0.49879103
7.930000 -0.109543   0.49889525
7.940000 -0.099434   0.49899875
7.950000 -0.089346   0.49910159
7.960000 -0.079276   0.49920385
7.970000 -0.069221   0.49930558
7.980000 -0.059180   0.49940686
7.990000 -0.049151   0.49950776
8.000000 -0.039132   0.49960834
8.010000 -0.029120   0.49970868
8.020000 -0.019115   0.49980883
8.030000 -0.009113   0.49990887
8.040000 0.000887   0.50000887
8.050000 0.010887   0.50010889
8.060000 0.020889   0.50020900
8.070000 0.030896   0.50030928
8.080000 0.040908   0.50040978
8.090000 0.050929   0.50051058
8.100000 0.060960   0.50061174
8.110000 0.071003   0.50071333
8.120000 0.081061   0.50081543
8.130000 0.091134   0.50091809
8.140000 0.101226   0.50102139
8.150000 0.111338   0.50112539
8.160000 0.121472   0.50123017
8.170000 0.131630   0.50133578
8.180000 0.141815   0.50144231
8.190000 0.152028   0.50154981
8.200000 0.162271   0.50165835
8.210000 0.172546   0.50176801
8.220000 0.182856   0.50187884
8.230000 0.193202   0.50199092
8.240000 0.203587   0.50210432
8.250000 0.214011   0.50221910
8.260000 0.224479   0.50233533
8.270000 0.234990   0.50245307
8.280000 0.245548   0.50257239
8.290000 0.256155   0.50269337
8.300000 0.266812   0.50281606
8.310000 0.277522   0.50294052
8.320000 0.288286   0.50306683
8.330000 0.299108   0.50319505
8.340000 0.309987   0.50332525
8.350000 0.320928   0.50345747
8.360000 0.331932   0.50359180
8.370000 0.343000   0.50372828
8.380000 0.354136   0.50386698
8.390000 0.365340   0.50400796
8.400000 0.376616   0.50415128
8.410000 0.387965   0.50429699
8.420000 0.399389   0.50444514
8.430000 0.410890   0.50459580
8.440000 0.422471   0.50474900
8.450000 0.434133   0.50490481
8.460000 0.445879   0.50506327
8.470000 0.457710   0.50522442
8.480000 0.469630   0.50538831
8.490000 0.481639   0.50555497
8.500000 0.493739   0.50572445
8.510000 0.505934   0.50589677
8.520000 0.518225   0.50607197
8.530000 0.530614   0.50625008
8.540000 0.543103   0.50643111
8.550000 0.555694   0.50661508
8.560000 0.568389   0.50680201
8.570000 0.581191   0.50699190
8.580000 0.594101   0.50718476
8.590000 0.607122   0.50738059
8.600000 0.620255   0.50757937
8.610000 0.633503   0.50778110
8.620000 0.646867   0.50798574
8.630000 0.660350   0.50819327
8.640000 0.673953   0.50840365
8.650000 0.687679   0.50861683
8.660000 0.701529   0.50883276
8.670000 0.715506   0.50905138
8.680000 0.729611   0.50927261
8.690000 0.743847   0.50949637
8.700000 0.758215   0.50972255
8.710000 0.772717   0.50995106
8.720000 0.787355   0.51018176
8.730000 0.802131   0.51041453
8.740000 0.817047   0.51064923
8.750000 0.832105   0.51088568
8.760000 0.847306   0.51112371
8.770000 0.862652   0.51136313
8.780000 0.878145   0.51160373
8.790000 0.893786   0.51184527
8.800000 0.909578   0.51208752
8.810000 0.925521   0.51233021
8.820000 0.941618   0.51257306
8.830000 0.957870   0.51281575
8.840000 0.974278   0.51305797
8.850000 0.990844   0.51329935
8.860000 1.007569   0.51353953
8.870000 1.024455   0.51377811
8.880000 1.041503   0.51401467
8.890000 1.058714   0.51424876
8.900000 1.076089   0.51447989
8.910000 1.093630   0.51470758
8.920000 1.111337   0.51493129
8.930000 1.129211   0.51515045
8.940000 1.147254   0.51536448
8.950000 1.165465   0.51557276
8.960000 1.183847   0.51577463
8.970000 1.202399   0.51596942
8.980000 1.221121   0.51615640
8.990000 1.240016   0.51633483
9.000000 1.259082   0.51650394
9.010000 1.278319   0.51666290
9.020000 1.297729   0.51681088
9.030000 1.317311   0.51694699
9.040000 1.337066   0.51707033
9.050000 1.356992   0.51717994
9.060000 1.377089   0.51727486
9.070000 1.397357   0.51735409
9.080000 1.417796   0.51741657
9.090000 1.438404   0.51746126
9.100000 1.459181   0.51748706
9.110000 1.480125   0.51749285
9.120000 1.501236   0.51747748
9.130000 1.522512   0.51743981
9.140000 1.543951   0.51737863
9.150000 1.565551   0.51729277
9.160000 1.587311   0.51718099
9.170000 1.609229   0.51704209
9.180000 1.631302   0.51687483
9.190000 1.653527   0.51667798
9.200000 1.675903   0.51645032
9.210000 1.698425   0.51619062
9.220000 1.721091   0.51589770
9.230000 1.743897   0.51557035
9.240000 1.766840   0.51520742
9.250000 1.789915   0.51480778
9.260000 1.813120   0.51437035
9.270000 1.836448   0.51389409
9.280000 1.859896   0.51337802
9.290000 1.883459   0.51282121
9.300000 1.907131   0.51222283
9.310000 1.930907   0.51158212
9.320000 1.954781   0.51089839
9.330000 1.978747   0.51017110
9.340000 2.002799   0.50939979
9.350000 2.026931   0.50858413
9.360000 2.051135   0.50772392
9.370000 2.075403   0.50681913
9.380000 2.099730   0.50586987
9.390000 2.124105   0.50487641
9.400000 2.148523   0.50383922
9.410000 2.172973   0.50275896
9.420000 2.197448   0.50163647
9.430000 2.221937   0.50047283
9.440000 2.246433   0.49926933
9.450000 2.270924   0.49802750
9.460000 2.295400   0.49674910
9.470000 2.319852   0.49543616
9.480000 2.344269   0.49409095
9.490000 2.368639   0.49271601
9.500000 2.392952   0.49131416
9.510000 2.417194   0.48988847
9.520000 2.441356   0.48844230
9.530000 2.465423   0.48697929
9.540000 2.489385   0.48550335
9.550000 2.513227   0.48401867
9.560000 2.536936   0.48252968
9.570000 2.560500   0.48104109
9.580000 2.583905   0.47955787
9.590000 2.607136   0.47808520
9.600000 2.630180   0.47662851
9.610000 2.653022   0.47519342
9.620000 2.675648   0.47378575
9.630000 2.698043   0.47241147
9.640000 2.720192   0.47107669
9.650000 2.742079   0.46978765
9.660000 2.763691   0.46855066
9.670000 2.785010   0.46737209
9.680000 2.806023   0.46625831
9.690000 2.826713   0.46521567
9.700000 2.847065   0.46425049
9.710000 2.867063   0.46336895
9.720000 2.886692   0.46257711
9.730000 2.905937   0.46188084
9.740000 2.924780   0.46128577
9.750000 2.943208   0.46079727
9.760000 2.961205   0.46042038
9.770000 2.978756   0.46015977
9.780000 2.995845   0.46001971
9.790000 3.012457   0.46000402
9.800000 3.028579   0.46011600
9.810000 3.044195   0.46035846
9.820000 3.059291   0.46073361
9.830000 3.073854   0.46124304
9.840000 3.087871   0.46188774
9.850000 3.101326   0.46266802
9.860000 3.114210   0.46358351
9.870000 3.126507   0.46463312
9.880000 3.138208   0.46581506
9.890000 3.149300   0.46712682
9.900000 3.159773   0.46856515
9.910000 3.169615   0.47012608
9.920000 3.178818   0.47180494
9.930000 3.187371   0.47359635
9.940000 3.195267   0.47549426
9.950000 3.202497   0.47749196
9.960000 3.209054   0.47958214
9.970000 3.214931   0.48175689
9.980000 3.220121   0.48400778
9.990000 3.224620   0.48632591
10.000000 3.228422   0.48870192
10.010000 3.231525   0.49112609
10.020000 3.233924   0.49358839
10.030000 3.235616   0.49607853
10.040000 3.236601   0.49858604
10.050000 3.236877   0.50110034
10.060000 3.236444   0.50361081
10.070000 3.235302   0.50610684
10.080000 3.233453   0.50857792
10.090000 3.230898   0.51101370
10.100000 3.227640   0.51340408
10.110000 3.223682   0.51573922
10.120000 3.219030   0.51800967
10.130000 3.213687   0.52020637
10.140000 3.207659   0.52232075
10.150000 3.200952   0.52434473
10.160000 3.193574   0.52627083
10.170000 3.185531   0.52809216
10.180000 3.176833   0.52980247
10.190000 3.167488   0.53139618
10.200000 3.157505   0.53286839
10.210000 3.146894   0.53421494
10.220000 3.135666   0.53543237
10.230000 3.123832   0.53651794
10.240000 3.111403   0.53746964
10.250000 3.098392   0.53828620
10.260000 3.084811   0.53896703
10.270000 3.070672   0.53951225
10.280000 3.055990   0.53992264
10.290000 3.040777   0.54019962
10.300000 3.025047   0.54034524
10.310000 3.008816   0.54036213
10.320000 2.992096   0.54025346
10.330000 2.974904   0.54002290
10.340000 2.957253   0.53967459
10.350000 2.939159   0.53921310
10.360000 2.920638   0.53864338
10.370000 2.901704   0.53797071
10.380000 2.882373   0.53720065
10.390000 2.862661   0.53633901
10.400000 2.842583   0.53539182
10.410000 2.822154   0.53436523
10.420000 2.801391   0.53326552
10.430000 2.780309   0.53209906
10.440000 2.758924   0.53087222
10.450000 2.737250   0.52959139
10.460000 2.715303   0.52826291
10.470000 2.693098   0.52689304
10.480000 2.670651   0.52548795
10.490000 2.647976   0.52405367
10.500000 2.625088   0.52259606
10.510000 2.602001   0.52112083
10.520000 2.578730   0.51963346
10.530000 2.555289   0.51813923
10.540000 2.531692   0.51664317
10.550000 2.507951   0.51515007
10.560000 2.484082   0.51366447
10.570000 2.460096   0.51219063
10.580000 2.436006   0.51073255
10.590000 2.411826   0.50929396
10.600000 2.387567   0.50787830
10.610000 2.363241   0.50648874
10.620000 2.338859   0.50512818
10.630000 2.314434   0.50379925
10.640000 2.289975   0.50250430
10.650000 2.265494   0.50124544
10.660000 2.241002   0.50002450
10.670000 2.216507   0.49884310
10.680000 2.192020   0.49770259
10.690000 2.167550   0.49660412
10.700000 2.143106   0.49554859
10.710000 2.118697   0.49453674
10.720000 2.094331   0.49356907
10.730000 2.070017   0.49264593
10.740000 2.045762   0.49176747
10.750000 2.021574   0.49093370
10.760000 1.997459   0.49014447
10.770000 1.973426   0.48939948
10.780000 1.949479   0.48869833
10.790000 1.925626   0.48804049
10.800000 1.901873   0.48742530
10.810000 1.878225   0.48685204
10.820000 1.854687   0.48631989
10.830000 1.831265   0.48582794
10.840000 1.807964   0.48537523
10.850000 1.784788   0.48496075
10.860000 1.761741   0.48458341
10.870000 1.738829   0.48424209
10.880000 1.716053   0.48393565
10.890000 1.693419   0.48366291
10.900000 1.670929   0.48342266
10.910000 1.648587   0.48321369
10.920000 1.626395   0.48303477
10.930000 1.604356   0.48288467
10.940000 1.582473   0.48276216
10.950000 1.560748   0.48266601
10.960000 1.539183   0.48259500
10.970000 1.517780   0.48254794
10.980000 1.496541   0.48252362
10.990000 1.475467   0.48252088
11.000000 1.454560   0.48253857
11.010000 1.433820   0.48257556
11.020000 1.413250   0.48263075
11.030000 1.392849   0.48270306
11.040000 1.372618   0.48279145
11.050000 1.352559   0.48289490
11.060000 1.332671   0.48301242
11.070000 1.312955   0.48314306
11.080000 1.293411   0.48328590
11.090000 1.274039   0.48344005
11.100000 1.254839   0.48360464
11.110000 1.235812   0.48377886
11.120000 1.216956   0.48396192
11.130000 1.198271   0.48415304
11.140000 1.179757   0.48435152
11.150000 1.161413   0.48455666
11.160000 1.143239   0.48476778
11.170000 1.125234   0.48498427
11.180000 1.107397   0.48520551
11.190000 1.089727   0.48543095
11.200000 1.072223   0.48566003
11.210000 1.054884   0.48589225
11.220000 1.037709   0.48612711
11.230000 1.020698   0.48636417
11.240000 1.003847   0.48660299
11.250000 0.987157   0.48684316
11.260000 0.970626   0.48708431
11.270000 0.954253   0.48732607
11.280000 0.938036   0.48756810
11.290000 0.921973   0.48781010
11.300000 0.906063   0.48805178
11.310000 0.890305   0.48829285
11.320000 0.874697   0.48853307
11.330000 0.859237   0.48877221
11.340000 0.843923   0.48901004
11.350000 0.828754   0.48924637
11.360000 0.813728   0.48948102
11.370000 0.798843   0.48971382
11.380000 0.784098   0.48994461
11.390000 0.769490   0.49017326
11.400000 0.755017   0.49039965
11.410000 0.740679   0.49062365
11.420000 0.726472   0.49084518
11.430000 0.712396   0.49106413
11.440000 0.698447   0.49128044
11.450000 0.684625   0.49149404
11.460000 0.670926   0.49170486
11.470000 0.657350   0.49191286
11.480000 0.643894   0.49211799
11.490000 0.630556   0.49232023
11.500000 0.617334   0.49251955
11.510000 0.604226   0.49271593
11.520000 0.591230   0.49290935
11.530000 0.578344   0.49309983
11.540000 0.565566   0.49328734
11.550000 0.552893   0.49347191
11.560000 0.540325   0.49365354
11.570000 0.527858   0.49383226
11.580000 0.515491   0.49400807
11.590000 0.503222   0.49418100
11.600000 0.491048   0.49435109
11.610000 0.478968   0.49451837
11.620000 0.466979   0.49468286
11.630000 0.455080   0.49484462
11.640000 0.443267   0.49500367
11.650000 0.431540   0.49516007
11.660000 0.419896   0.49531387
11.670000 0.408333   0.49546510
11.680000 0.396849   0.49561383
11.690000 0.385442   0.49576009
11.700000 0.374109   0.49590396
11.710000 0.362850   0.49604548
11.720000 0.351661   0.49618471
11.730000 0.340540   0.49632171
11.740000 0.329486   0.49645654
11.750000 0.318497   0.49658926
11.760000 0.307570   0.49671993
11.770000 0.296703   0.49684862
11.780000 0.285895   0.49697538
11.790000 0.275143   0.49710029
11.800000 0.264445   0.49722340
11.810000 0.253799   0.49734478
11.820000 0.243203   0.49746450
11.830000 0.232656   0.49758262
11.840000 0.222154   0.49769921
11.850000 0.211696   0.49781434
11.860000 0.201281   0.49792807
11.870000 0.190905   0.49804047
11.880000 0.180567   0.49815160
11.890000 0.170265   0.49826154
11.900000 0.159997   0.49837035
11.910000 0.149761   0.49847810
11.920000 0.139555   0.49858486
11.930000 0.129376   0.49869069
11.940000 0.119223   0.49879567
11.950000 0.109094   0.49889986
11.960000 0.098987   0.49900333
11.970000 0.088899   0.49910614
11.980000 0.078829   0.49920837
11.990000 0.068775   0.49931008
12.000000 0.058735   0.49941134
12.010000 0.048706   0.49951223
12.020000 0.038688   0.49961280
12.030000 0.028677   0.49971312
12.040000 0.018671   0.49981327
12.050000 0.008670   0.49991331
12.060000 -0.001330   0.50001330
12.070000 -0.011330   0.50011333
12.080000 -0.021333   0.50021345
12.090000 -0.031340   0.50031373
12.100000 -0.041352   0.50041424
12.110000 -0.051374   0.50051506
12.120000 -0.061405   0.50061624
12.130000 -0.071449   0.50071785
12.140000 -0.081507   0.50081997
12.150000 -0.091581   0.50092266
12.160000 -0.101674   0.50102599
12.170000 -0.111787   0.50113002
12.180000 -0.121922   0.50123483
12.190000 -0.132081   0.50134049
12.200000 -0.142267   0.50144705
12.210000 -0.152481   0.50155460
12.220000 -0.162726   0.50166319
12.230000 -0.173003   0.50177290
12.240000 -0.183314   0.50188378
12.250000 -0.193662   0.50199592
12.260000 -0.204048   0.50210938
12.270000 -0.214475   0.50222422
12.280000 -0.224944   0.50234051
12.290000 -0.235457   0.50245833
12.300000 -0.246018   0.50257772
12.310000 -0.256626   0.50269877
12.320000 -0.267286   0.50282154
12.330000 -0.277998   0.50294608
12.340000 -0.288765   0.50307248
12.350000 -0.299589   0.50320078
12.360000 -0.310471   0.50333107
12.370000 -0.321415   0.50346339
12.380000 -0.332421   0.50359780
12.390000 -0.343492   0.50373439
12.400000 -0.354631   0.50387319
12.410000 -0.365839   0.50401427
12.420000 -0.377117   0.50415769
12.430000 -0.388470   0.50430350
12.440000 -0.399897   0.50445177
12.450000 -0.411402   0.50460254
12.460000 -0.422986   0.50475586
12.470000 -0.434652   0.50491178
12.480000 -0.446402   0.50507036
12.490000 -0.458237   0.50523163
12.500000 -0.470160   0.50539564
12.510000 -0.482173   0.50556243
12.520000 -0.494278   0.50573203
12.530000 -0.506477   0.50590448
12.540000 -0.518772   0.50607981
12.550000 -0.531165   0.50625804
12.560000 -0.543659   0.50643920
12.570000 -0.556255   0.50662331
12.580000 -0.568955   0.50681037
12.590000 -0.581761   0.50700039
12.600000 -0.594677   0.50719338
12.610000 -0.607702   0.50738934
12.620000 -0.620840   0.50758826
12.630000 -0.634093   0.50779011
12.640000 -0.647462   0.50799488
12.650000 -0.660950   0.50820253
12.660000 -0.674559   0.50841304
12.670000 -0.688290   0.50862635
12.680000 -0.702146   0.50884240
12.690000 -0.716128   0.50906114
12.700000 -0.730239   0.50928248
12.710000 -0.744481   0.50950635
12.720000 -0.758855   0.50973263
12.730000 -0.773363   0.50996124
12.740000 -0.788007   0.51019204
12.750000 -0.802790   0.51042490
12.760000 -0.817712   0.51065968
12.770000 -0.832776   0.51089620
12.780000 -0.847983   0.51113430
12.790000 -0.863336   0.51137377
12.800000 -0.878835   0.51161442
12.810000 -0.894483   0.51185600
12.820000 -0.910281   0.51209828
12.830000 -0.926232   0.51234098
12.840000 -0.942335   0.51258383
12.850000 -0.958594   0.51282650
12.860000 -0.975009   0.51306869
12.870000 -0.991582   0.51331003
12.880000 -1.008315   0.51355015
12.890000 -1.025208   0.51378865
12.900000 -1.042263   0.51402511
12.910000 -1.059481   0.51425907
12.920000 -1.076864   0.51449007
12.930000 -1.094412   0.51471759
12.940000 -1.112126   0.51494110
12.950000 -1.130008   0.51516005
12.960000 -1.148058   0.51537384
12.970000 -1.166277   0.51558185
12.980000 -1.184666   0.51578342
12.990000 -1.203225   0.51597788
13.000000 -1.221956   0.51616450
13.010000 -1.240857   0.51634254
13.020000 -1.259931   0.51651121
13.030000 -1.279176   0.51666970
13.040000 -1.298594   0.51681717
13.050000 -1.318184   0.51695274
13.060000 -1.337946   0.51707549
13.070000 -1.357879   0.51718447
13.080000 -1.377984   0.51727872
13.090000 -1.398260   0.51735722
13.100000 -1.418706   0.51741894
13.110000 -1.439322   0.51746281
13.120000 -1.460106   0.51748775
13.130000 -1.481058   0.51749262
13.140000 -1.502176   0.51747629
13.150000 -1.523459   0.51743760
13.160000 -1.544905   0.51737536
13.170000 -1.566513   0.51728837
13.180000 -1.588280   0.51717542
13.190000 -1.610205   0.51703528
13.200000 -1.632284   0.51686673
13.210000 -1.654516   0.51666854
13.220000 -1.676898   0.51643949
13.230000 -1.699427   0.51617835
13.240000 -1.722099   0.51588392
13.250000 -1.744912   0.51555501
13.260000 -1.767860   0.51519048
13.270000 -1.790942   0.51478919
13.280000 -1.814152   0.51435006
13.290000 -1.837485   0.51387206
13.300000 -1.860938   0.51335420
13.310000 -1.884506   0.51279557
13.320000 -1.908183   0.51219532
13.330000 -1.931963   0.51155271
13.340000 -1.955842   0.51086707
13.350000 -1.979812   0.51013783
13.360000 -2.003868   0.50936456
13.370000 -2.028003   0.50854693
13.380000 -2.052209   0.50768474
13.390000 -2.076481   0.50677798
13.400000 -2.100809   0.50582675
13.410000 -2.125187   0.50483134
13.420000 -2.149606   0.50379223
13.430000 -2.174058   0.50271007
13.440000 -2.198533   0.50158573
13.450000 -2.223024   0.50042030
13.460000 -2.247519   0.49921506
13.470000 -2.272009   0.49797157
13.480000 -2.296485   0.49669160
13.490000 -2.320936   0.49537718
13.500000 -2.345351   0.49403059
13.510000 -2.369719   0.49265440
13.520000 -2.394028   0.49125142
13.530000 -2.418268   0.48982475
13.540000 -2.442425   0.48837775
13.550000 -2.466488   0.48691409
13.560000 -2.490444   0.48543767
13.570000 -2.514281   0.48395270
13.580000 -2.537984   0.48246362
13.590000 -2.561542   0.48097517
13.600000 -2.584939   0.47949230
13.610000 -2.608162   0.47802023
13.620000 -2.631197   0.47656438
13.630000 -2.654030   0.47513038
13.640000 -2.676646   0.47372406
13.650000 -2.699030   0.47235139
13.660000 -2.721168   0.47101851
13.670000 -2.743043   0.46973165
13.680000 -2.764642   0.46849712
13.690000 -2.785949   0.46732128
13.700000 -2.806947   0.46621052
13.710000 -2.827623   0.46517119
13.720000 -2.847959   0.46420958
13.730000 -2.867942   0.46333189
13.740000 -2.887554   0.46254417
13.750000 -2.906781   0.46185227
13.760000 -2.925607   0.46126181
13.770000 -2.944016   0.46077816
13.780000 -2.961993   0.46040632
13.790000 -2.979523   0.46015097
13.800000 -2.996591   0.46001635
13.810000 -3.013183   0.46000625
13.820000 -3.029282   0.46012397
13.830000 -3.044875   0.46037227
13.840000 -3.059949   0.46075334
13.850000 -3.074488   0.46126876
13.860000 -3.088479   0.46191947
13.870000 -3.101910   0.46270576
13.880000 -3.114767   0.46362722
13.890000 -3.127039   0.46468274
13.900000 -3.138713   0.46587050
13.910000 -3.149778   0.46718794
13.920000 -3.160222   0.46863180
13.930000 -3.170037   0.47019807
13.940000 -3.179211   0.47188204
13.950000 -3.187736   0.47367831
13.960000 -3.195602   0.47558078
13.970000 -3.202802   0.47758274
13.980000 -3.209329   0.47967684
13.990000 -3.215175   0.48185515
14.000000 -3.220335   0.48410922
14.010000 -3.224803   0.48643012
14.020000 -3.228575   0.48880847
14.030000 -3.231646   0.49123455
14.040000 -3.234014   0.49369830
14.050000 -3.235675   0.49618943
14.060000 -3.236628   0.49869747
14.070000 -3.236873   0.50121182
14.080000 -3.236408   0.50372187
14.090000 -3.235235   0.50621702
14.100000 -3.233354   0.50868675
14.110000 -3.230768   0.51112074
14.120000 -3.227479   0.51350887
14.130000 -3.223491   0.51584134
14.140000 -3.218807   0.51810871
14.150000 -3.213434   0.52030194
14.160000 -3.207376   0.52241247
14.170000 -3.200639   0.52443227
14.180000 -3.193231   0.52635387
14.190000 -3.185159   0.52817040
14.200000 -3.176432   0.52987565
14.210000 -3.167058   0.53146407
14.220000 -3.157047   0.53293080
14.230000 -3.146409   0.53427169
14.240000 -3.135154   0.53548332
14.250000 -3.123293   0.53656299
14.260000 -3.110839   0.53750872
14.270000 -3.097802   0.53831927
14.280000 -3.084196   0.53899408
14.290000 -3.070033   0.53953330
14.300000 -3.055326   0.53993773
14.310000 -3.040090   0.54020884
14.320000 -3.024338   0.54034870
14.330000 -3.008084   0.54035995
14.340000 -2.991344   0.54024579
14.350000 -2.974131   0.54000991
14.360000 -2.956460   0.53965649
14.370000 -2.938347   0.53919009
14.380000 -2.919807   0.53861570
14.390000 -2.900855   0.53793858
14.400000 -2.881507   0.53716434
14.410000 -2.861778   0.53629878
14.420000 -2.841684   0.53534793
14.430000 -2.821241   0.53431796
14.440000 -2.800463   0.53321516
14.450000 -2.779367   0.53204589
14.460000 -2.757968   0.53081652
14.470000 -2.736282   0.52953344
14.480000 -2.714323   0.52820299
14.490000 -2.692108   0.52683143
14.500000 -2.669650   0.52542492
14.510000 -2.646965   0.52398948
14.520000 -2.624068   0.52253098
14.530000 -2.600973   0.52105509
14.540000 -2.577694   0.51956731
14.550000 -2.554246   0.51807289
14.560000 -2.530642   0.51657686
14.570000 -2.506896   0.51508400
14.580000 -2.483021   0.51359883
14.590000 -2.459030   0.51212561
14.600000 -2.434936   0.51066832
14.610000 -2.410752   0.50923067
14.620000 -2.386489   0.50781610
14.630000 -2.362160   0.50642777
14.640000 -2.337777   0.50506856
14.650000 -2.313350   0.50374109
14.660000 -2.288890   0.50244770
14.670000 -2.264408   0.50119048
14.680000 -2.239915   0.49997127
14.690000 -2.215421   0.49879165
14.700000 -2.190934   0.49765298
14.710000 -2.166465   0.49655639
14.720000 -2.142023   0.49550279
14.730000 -2.117616   0.49449289
14.740000 -2.093252   0.49352719
14.750000 -2.068940   0.49260603
14.760000 -2.044688   0.49172955
14.770000 -2.020503   0.49089776
14.780000 -1.996392   0.49011050
14.790000 -1.972362   0.48936747
14.800000 -1.948420   0.48866825
14.810000 -1.924571   0.48801231
14.820000 -1.900822   0.48739900
14.830000 -1.877179   0.48682758
14.840000 -1.853646   0.48629723
14.850000 -1.830229   0.48580704
14.860000 -1.806934   0.48535605
14.870000 -1.783763   0.48494324
14.880000 -1.760723   0.48456752
14.890000 -1.737816   0.48422777
14.900000 -1.715046   0.48392285
14.910000 -1.692418   0.48365158
14.920000 -1.669935   0.48341274
14.930000 -1.647599   0.48320513
14.940000 -1.625414   0.48302751
14.950000 -1.603382   0.48287866
14.960000 -1.581506   0.48275734
14.970000 -1.559789   0.48266233
14.980000 -1.538231   0.48259242
14.990000 -1.516835   0.48254639
15.000000 -1.495603   0.48252305
15.010000 -1.474537   0.48252124
15.020000 -1.453637   0.48253981
15.030000 -1.432905   0.48257763
15.040000 -1.412341   0.48263360
15.050000 -1.391948   0.48270665
15.060000 -1.371725   0.48279573
15.070000 -1.351673   0.48289982
15.080000 -1.331793   0.48301794
15.090000 -1.312085   0.48314914
15.100000 -1.292548   0.48329250
15.110000 -1.273184   0.48344713
15.120000 -1.253992   0.48361217
15.130000 -1.234972   0.48378680
15.140000 -1.216123   0.48397023
15.150000 -1.197446   0.48416170
15.160000 -1.178940   0.48436048
15.170000 -1.160604   0.48456590
15.180000 -1.142437   0.48477727
15.190000 -1.124439   0.48499398
15.200000 -1.106609   0.48521542
15.210000 -1.088947   0.48544103
15.220000 -1.071450   0.48567026
15.230000 -1.054119   0.48590261
15.240000 -1.036952   0.48613758
15.250000 -1.019947   0.48637473
15.260000 -1.003104   0.48661362
15.270000 -0.986421   0.48685384
15.280000 -0.969897   0.48709502
15.290000 -0.953531   0.48733680
15.300000 -0.937320   0.48757884
15.310000 -0.921264   0.48782083
15.320000 -0.905361   0.48806248
15.330000 -0.889610   0.48830352
15.340000 -0.874008   0.48854370
15.350000 -0.858554   0.48878278
15.360000 -0.843247   0.48902055
15.370000 -0.828085   0.48925681
15.380000 -0.813065   0.48949138
15.390000 -0.798186   0.48972410
15.400000 -0.783447   0.48995480
15.410000 -0.768845   0.49018335
15.420000 -0.754379   0.49040963
15.430000 -0.740046   0.49063353
15.440000 -0.725845   0.49085494
15.450000 -0.711775   0.49107378
15.460000 -0.697832   0.49128997
15.470000 -0.684015   0.49150345
15.480000 -0.670322   0.49171414
15.490000 -0.656751   0.49192201
15.500000 -0.643300   0.49212702
15.510000 -0.629967   0.49232913
15.520000 -0.616750   0.49252832
15.530000 -0.603647   0.49272457
15.540000 -0.590656   0.49291786
15.550000 -0.577775   0.49310820
15.560000 -0.565001   0.49329559
15.570000 -0.552334   0.49348003
15.580000 -0.539770   0.49366153
15.590000 -0.527308   0.49384011
15.600000 -0.514945   0.49401580
15.610000 -0.502680   0.49418860
15.620000 -0.490511   0.49435857
15.630000 -0.478435   0.49452572
15.640000 -0.466450   0.49469009
15.650000 -0.454554   0.49485173
15.660000 -0.442746   0.49501066
15.670000 -0.431022   0.49516695
15.680000 -0.419382   0.49532063
15.690000 -0.407822   0.49547175
15.700000 -0.396342   0.49562036
15.710000 -0.384938   0.49576652
15.720000 -0.373609   0.49591029
15.730000 -0.362352   0.49605170
15.740000 -0.351166   0.49619083
15.750000 -0.340049   0.49632774
15.760000 -0.328998   0.49646247
15.770000 -0.318011   0.49659510
15.780000 -0.307087   0.49672568
15.790000 -0.296223   0.49685428
15.800000 -0.285417   0.49698096
15.810000 -0.274667   0.49710579
15.820000 -0.263972   0.49722882
15.830000 -0.253328   0.49735013
15.840000 -0.242735   0.49746977
15.850000 -0.232189   0.49758782
15.860000 -0.221689   0.49770435
15.870000 -0.211234   0.49781941
15.880000 -0.200820   0.49793308
15.890000 -0.190446   0.49804542
15.900000 -0.180110   0.49815650
15.910000 -0.169809   0.49826639
15.920000 -0.159543   0.49837515
15.930000 -0.149308   0.49848286
15.940000 -0.139103   0.49858957
15.950000 -0.128925   0.49869537
15.960000 -0.118773   0.49880031
15.970000 -0.108645   0.49890446
15.980000 -0.098539   0.49900790
15.990000 -0.088452   0.49911068
16.000000 -0.078383   0.49921289
16.010000 -0.068330   0.49931458
16.020000 -0.058290   0.49941582
16.030000 -0.048262   0.49951669
16.040000 -0.038244   0.49961725
16.050000 -0.028233   0.49971756
16.060000 -0.018228   0.49981770
16.070000 -0.008226   0.49991774
16.080000 0.001774   0.50001774
16.090000 0.011774   0.50011776
16.100000 0.021776   0.50021789
16.110000 0.031783   0.50031818
16.120000 0.041797   0.50041871
16.130000 0.051818   0.50051953
16.140000 0.061850   0.50062073
16.150000 0.071895   0.50072237
16.160000 0.081953   0.50082451
16.170000 0.092028   0.50092723
16.180000 0.102122   0.50103058
16.190000 0.112236   0.50113465
16.200000 0.122372   0.50123950
16.210000 0.132533   0.50134519
16.220000 0.142720   0.50145180
16.230000 0.152935   0.50155939
16.240000 0.163181   0.50166803
16.250000 0.173459   0.50177779
16.260000 0.183772   0.50188873
16.270000 0.194122   0.50200093
16.280000 0.204510   0.50211444
16.290000 0.214938   0.50222935
16.300000 0.225409   0.50234571
16.310000 0.235925   0.50246359
16.320000 0.246487   0.50258306
16.330000 0.257098   0.50270418
16.340000 0.267760   0.50282702
16.350000 0.278474   0.50295165
16.360000 0.289244   0.50307813
16.370000 0.300070   0.50320652
16.380000 0.310955   0.50333689
16.390000 0.321901   0.50346930
16.400000 0.332911   0.50360381
16.410000 0.343985   0.50374049
16.420000 0.355126   0.50387939
16.430000 0.366337   0.50402058
16.440000 0.377619   0.50416410
16.450000 0.388975   0.50431003
16.460000 0.400406   0.50445840
16.470000 0.411914   0.50460928
16.480000 0.423502   0.50476272
16.490000 0.435171   0.50491876
16.500000 0.446925   0.50507745
16.510000 0.458764   0.50523884
16.520000 0.470691   0.50540298
16.530000 0.482708   0.50556989
16.540000 0.494817   0.50573962
16.550000 0.507020   0.50591220
16.560000 0.519320   0.50608765
16.570000 0.531717   0.50626601
16.580000 0.544215   0.50644730
16.590000 0.556816   0.50663154
16.600000 0.569521   0.50681873
16.610000 0.582332   0.50700889
16.620000 0.595252   0.50720201
16.630000 0.608282   0.50739810
16.640000 0.621425   0.50759714
16.650000 0.634683   0.50779913
16.660000 0.648058   0.50800403
16.670000 0.661551   0.50821181
16.680000 0.675165   0.50842244
16.690000 0.688902   0.50863587
16.700000 0.702763   0.50885204
16.710000 0.716751   0.50907090
16.720000 0.730868   0.50929235
16.730000 0.745116   0.50951633
16.740000 0.759495   0.50974272
16.750000 0.774009   0.50997143
16.760000 0.788660   0.51020232
16.770000 0.803448   0.51043527
16.780000 0.818377   0.51067013
16.790000 0.833447   0.51090673
16.800000 0.848661   0.51114489
16.810000 0.864020   0.51138442
16.820000 0.879526   0.51162511
16.830000 0.895181   0.51186673
16.840000 0.910986   0.51210903
16.850000 0.926943   0.51235175
16.860000 0.943053   0.51259459
16.870000 0.959319   0.51283726
16.880000 0.975741   0.51307941
16.890000 0.992321   0.51332071
16.900000 1.009061   0.51356076
16.910000 1.025961   0.51379918
16.920000 1.043023   0.51403554
16.930000 1.060248   0.51426938
16.940000 1.077638   0.51450023
16.950000 1.095194   0.51472759
16.960000 1.112915   0.51495091
16.970000 1.130805   0.51516965
16.980000 1.148862   0.51538319
16.990000 1.167089   0.51559093
17.000000 1.185485   0.51579220
17.010000 1.204052   0.51598632
17.020000 1.222790   0.51617258
17.030000 1.241700   0.51635022
17.040000 1.260781   0.51651846
17.050000 1.280034   0.51667648
17.060000 1.299459   0.51682344
17.070000 1.319056   0.51695846
17.080000 1.338826   0.51708062
17.090000 1.358767   0.51718897
17.100000 1.378880   0.51728254
17.110000 1.399163   0.51736032
17.120000 1.419617   0.51742127
17.130000 1.440240   0.51746433
17.140000 1.461032   0.51748840
17.150000 1.481991   0.51749236
17.160000 1.503116   0.51747506
17.170000 1.524407   0.51743535
17.180000 1.545860   0.51737204
17.190000 1.567475   0.51728392
17.200000 1.589249   0.51716979
17.210000 1.611180   0.51702842
17.220000 1.633267   0.51685858
17.230000 1.655506   0.51665905
17.240000 1.677894   0.51642860
17.250000 1.700429   0.51616601
17.260000 1.723108   0.51587007
17.270000 1.745926   0.51553961
17.280000 1.768881   0.51517347
17.290000 1.791968   0.51477053
17.300000 1.815184   0.51432970
17.310000 1.838523   0.51384994
17.320000 1.861981   0.51333029
17.330000 1.885554   0.51276984
17.340000 1.909235   0.51216773
17.350000 1.933020   0.51152323
17.360000 1.956903   0.51083566
17.370000 1.980877   0.51010448
17.380000 2.004936   0.50932925
17.390000 2.029075   0.50850964
17.400000 2.053284   0.50764548
17.410000 2.077558   0.50673674
17.420000 2.101889   0.50578354
17.430000 2.126269   0.50478618
17.440000 2.150690   0.50374514
17.450000 2.175143   0.50266110
17.460000 2.199619   0.50153491
17.470000 2.224110   0.50036768
17.480000 2.248605   0.49916072
17.490000 2.273095   0.49791557
17.500000 2.297570   0.49663403
17.510000 2.322020   0.49531813
17.520000 2.346432   0.49397017
17.530000 2.370798   0.49259273
17.540000 2.395105   0.49118863
17.550000 2.419341   0.48976099
17.560000 2.443494   0.48831317
17.570000 2.467553   0.48684886
17.580000 2.491504   0.48537197
17.590000 2.515335   0.48388672
17.600000 2.539032   0.48239757
17.610000 2.562583   0.48090926
17.620000 2.585972   0.47942676
17.630000 2.609188   0.47795529
17.640000 2.632214   0.47650028
17.650000 2.655038   0.47506739
17.660000 2.677644   0.47366243
17.670000 2.700017   0.47229140
17.680000 2.722143   0.47096043
17.690000 2.744007   0.46967575
17.700000 2.765593   0.46844368
17.710000 2.786886   0.46727060
17.720000 2.807871   0.46616287
17.730000 2.828532   0.46512685
17.740000 2.848853   0.46416884
17.750000 2.868819   0.46329501
17.760000 2.888415   0.46251141
17.770000 2.907624   0.46182389
17.780000 2.926432   0.46123806
17.790000 2.944822   0.46075926
17.800000 2.962780   0.46039250
17.810000 2.980290   0.46014242
17.820000 2.997337   0.46001324
17.830000 3.013907   0.46000874
17.840000 3.029984   0.46013220
17.850000 3.045555   0.46038634
17.860000 3.060605   0.46077334
17.870000 3.075120   0.46129474
17.880000 3.089087   0.46195147
17.890000 3.102492   0.46274376
17.900000 3.115324   0.46367119
17.910000 3.127569   0.46473262
17.920000 3.139216   0.46592619
17.930000 3.150254   0.46724932
17.940000 3.160671   0.46869869
17.950000 3.170457   0.47027028
17.960000 3.179603   0.47195936
17.970000 3.188098   0.47376047
17.980000 3.195935   0.47566750
17.990000 3.203106   0.47767371
18.000000 3.209603   0.47977171
18.010000 3.215419   0.48195356
18.020000 3.220548   0.48421079
18.030000 3.224985   0.48653443
18.040000 3.228726   0.48891511
18.050000 3.231766   0.49134308
18.060000 3.234102   0.49380826
18.070000 3.235732   0.49630036
18.080000 3.236654   0.49880891
18.090000 3.236867   0.50132330
18.100000 3.236371   0.50383291
18.110000 3.235167   0.50632715
18.120000 3.233254   0.50879552
18.130000 3.230637   0.51122768
18.140000 3.227317   0.51361355
18.150000 3.223298   0.51594334
18.160000 3.218584   0.51820760
18.170000 3.213180   0.52039734
18.180000 3.207091   0.52250401
18.190000 3.200325   0.52451961
18.200000 3.192887   0.52643669
18.210000 3.184786   0.52824842
18.220000 3.176030   0.52994860
18.230000 3.166628   0.53153172
18.240000 3.156589   0.53299295
18.250000 3.145923   0.53432818
18.260000 3.134641   0.53553401
18.270000 3.122753   0.53660778
18.280000 3.110273   0.53754754
18.290000 3.097210   0.53835207
18.300000 3.083579   0.53902086
18.310000 3.069392   0.53955408
18.320000 3.054662   0.53995257
18.330000 3.039402   0.54021781
18.340000 3.023628   0.54035190
18.350000 3.007352   0.54035752
18.360000 2.990590   0.54023788
18.370000 2.973357   0.53999670
18.380000 2.955666   0.53963816
18.390000 2.937534   0.53916687
18.400000 2.918975   0.53858781
18.410000 2.900005   0.53790627
18.420000 2.880640   0.53712785
18.430000 2.860895   0.53625838
18.440000 2.840785   0.53530389
18.450000 2.820326   0.53427056
18.460000 2.799534   0.53316468
18.470000 2.778425   0.53199260
18.480000 2.757013   0.53076072
18.490000 2.735314   0.52947541
18.500000 2.713344   0.52814300
18.510000 2.691117   0.52676976
18.520000 2.668649   0.52536184
18.530000 2.645954   0.52392525
18.540000 2.623048   0.52246586
18.550000 2.599945   0.52098933
18.560000 2.576658   0.51950115
18.570000 2.553202   0.51800655
18.580000 2.529592   0.51651056
18.590000 2.505839   0.51501795
18.600000 2.481959   0.51353322
18.610000 2.457963   0.51206062
18.620000 2.433865   0.51060412
18.630000 2.409678   0.50916743
18.640000 2.385412   0.50775396
18.650000 2.361080   0.50636686
18.660000 2.336694   0.50500901
18.670000 2.312266   0.50368300
18.680000 2.287805   0.50239117
18.690000 2.263323   0.50113560
18.700000 2.238829   0.49991811
18.710000 2.214335   0.49874028
18.720000 2.189849   0.49760346
18.730000 2.165381   0.49650876
18.740000 2.140940   0.49545708
18.750000 2.116534   0.49444913
18.760000 2.092173   0.49348540
18.770000 2.067864   0.49256621
18.780000 2.043614   0.49169172
18.790000 2.019432   0.49086191
18.800000 1.995325   0.49007661
18.810000 1.971298   0.48933554
18.820000 1.947360   0.48863825
18.830000 1.923516   0.48798421
18.840000 1.899771   0.48737278
18.850000 1.876133   0.48680320
18.860000 1.852605   0.48627464
18.870000 1.829194   0.48578622
18.880000 1.805903   0.48533695
18.890000 1.782739   0.48492580
18.900000 1.759704   0.48455170
18.910000 1.736803   0.48421352
18.920000 1.714040   0.48391012
18.930000 1.691418   0.48364031
18.940000 1.668941   0.48340288
18.950000 1.646612   0.48319663
18.960000 1.624434   0.48302031
18.970000 1.602409   0.48287271
18.980000 1.580540   0.48275258
18.990000 1.558829   0.48265871
19.000000 1.537279   0.48258988
19.010000 1.515890   0.48254488
19.020000 1.494665   0.48252252
19.030000 1.473606   0.48252164
19.040000 1.452714   0.48254109
19.050000 1.431989   0.48257974
19.060000 1.411433   0.48263649
19.070000 1.391048   0.48271027
19.080000 1.370832   0.48280003
19.090000 1.350788   0.48290477
19.100000 1.330915   0.48302349
19.110000 1.311215   0.48315525
19.120000 1.291686   0.48329913
19.130000 1.272329   0.48345423
19.140000 1.253145   0.48361971
19.150000 1.234132   0.48379475
19.160000 1.215292   0.48397855
19.170000 1.196622   0.48417036
19.180000 1.178123   0.48436946
19.190000 1.159794   0.48457515
19.200000 1.141635   0.48478677
19.210000 1.123645   0.48500370
19.220000 1.105823   0.48522534
19.230000 1.088167   0.48545112
19.240000 1.070678   0.48568050
19.250000 1.053354   0.48591297
19.260000 1.036194   0.48614805
19.270000 1.019197   0.48638529
19.280000 1.002361   0.48662424
19.290000 0.985685   0.48686452
19.300000 0.969168   0.48710573
19.310000 0.952809   0.48734753
19.320000 0.936605   0.48758957
19.330000 0.920556   0.48783156
19.340000 0.904660   0.48807319
19.350000 0.888915   0.48831419
19.360000 0.873320   0.48855433
19.370000 0.857873   0.48879336
19.380000 0.842572   0.48903106
19.390000 0.827415   0.48926725
19.400000 0.812402   0.48950174
19.410000 0.797530   0.48973437
19.420000 0.782797   0.48996498
19.430000 0.768201   0.49019343
19.440000 0.753740   0.49041961
19.450000 0.739414   0.49064340
19.460000 0.725219   0.49086470
19.470000 0.711154   0.49108343
19.480000 0.697216   0.49129950
19.490000 0.683405   0.49151285
19.500000 0.669717   0.49172342
19.510000 0.656152   0.49193117
19.520000 0.642706   0.49213605
19.530000 0.629378   0.49233803
19.540000 0.616166   0.49253708
19.550000 0.603068   0.49273320
19.560000 0.590082   0.49292637
19.570000 0.577206   0.49311658
19.580000 0.564437   0.49330383
19.590000 0.551775   0.49348814
19.600000 0.539215   0.49366951
19.610000 0.526758   0.49384796
19.620000 0.514399   0.49402352
19.630000 0.502139   0.49419620
19.640000 0.489973   0.49436604
19.650000 0.477901   0.49453307
19.660000 0.465920   0.49469732
19.670000 0.454029   0.49485883
19.680000 0.442224   0.49501765
19.690000 0.430504   0.49517382
19.700000 0.418868   0.49532738
19.710000 0.407312   0.49547839
19.720000 0.395834   0.49562690
19.730000 0.384434   0.49577295
19.740000 0.373108   0.49591661
19.750000 0.361855   0.49605792
19.760000 0.350672   0.49619695
19.770000 0.339557   0.49633376
19.780000 0.328509   0.49646840
19.790000 0.317525   0.49660093
19.800000 0.306604   0.49673143
19.810000 0.295742   0.49685994
19.820000 0.284939   0.49698654
19.830000 0.274192   0.49711128
19.840000 0.263499   0.49723423
19.850000 0.252857   0.49735547
19.860000 0.242266   0.49747504
19.870000 0.231722   0.49759302
19.880000 0.221225   0.49770948
19.890000 0.210771   0.49782448
19.900000 0.200359   0.49793809
19.910000 0.189987   0.49805037
19.920000 0.179652   0.49816140
19.930000 0.169353   0.49827123
19.940000 0.159088   0.49837995
19.950000 0.148855   0.49848761
19.960000 0.138651   0.49859428
19.970000 0.128474   0.49870004
19.980000 0.118324   0.49880494
19.990000 0.108197   0.49890906
20.000000 0.098091   0.49901247
