0.000000 0.000000   0.50000000
0.010000 0.010000   0.50000000
0.020000 0.020002   0.50000002
0.030000 0.030008   0.50000004
0.040000 0.040020   0.50000006
0.050000 0.050040   0.50000010
0.060000 0.060070   0.50000014
0.070000 0.070112   0.50000020
0.080000 0.080168   0.50000026
0.090000 0.090240   0.50000032
0.100000 0.100330   0.50000040
0.110000 0.110440   0.50000048
0.120000 0.120572   0.50000058
0.130000 0.130728   0.50000067
0.140000 0.140911   0.50000078
0.150000 0.151121   0.50000090
0.160000 0.161361   0.50000102
0.170000 0.171634   0.50000115
0.180000 0.181940   0.50000129
0.190000 0.192283   0.50000144
0.200000 0.202664   0.50000159
0.210000 0.213085   0.50000175
0.220000 0.223549   0.50000192
0.230000 0.234056   0.50000210
0.240000 0.244610   0.50000229
0.250000 0.255212   0.50000248
0.260000 0.265865   0.50000268
0.270000 0.276570   0.50000289
0.280000 0.287329   0.50000310
0.290000 0.298145   0.50000332
0.300000 0.309020   0.50000355
0.310000 0.319955   0.50000378
0.320000 0.330953   0.50000402
0.330000 0.342016   0.50000427
0.340000 0.353145   0.50000453
0.350000 0.364344   0.50000479
0.360000 0.375613   0.50000505
0.370000 0.386955   0.50000533
0.380000 0.398372   0.50000560
0.390000 0.409867   0.50000589
0.400000 0.421441   0.50000617
0.410000 0.433096   0.50000647
0.420000 0.444834   0.50000676
0.430000 0.456658   0.50000706
0.440000 0.468569   0.50000736
0.450000 0.480570   0.50000767
0.460000 0.492662   0.50000798
0.470000 0.504849   0.50000829
0.480000 0.517131   0.50000860
0.490000 0.529511   0.50000892
0.500000 0.541991   0.50000923
0.510000 0.554573   0.50000954
0.520000 0.567259   0.50000985
0.530000 0.580052   0.50001016
0.540000 0.592952   0.50001047
0.550000 0.605963   0.50001078
0.560000 0.619086   0.50001107
0.570000 0.632323   0.50001137
0.580000 0.645677   0.50001166
0.590000 0.659149   0.50001194
0.600000 0.672741   0.50001221
0.610000 0.686456   0.50001247
0.620000 0.700296   0.50001272
0.630000 0.714261   0.50001295
0.640000 0.728355   0.50001318
0.650000 0.742579   0.50001338
0.660000 0.756935   0.50001357
0.670000 0.771425   0.50001374
0.680000 0.786051   0.50001389
0.690000 0.800815   0.50001402
0.700000 0.815719   0.50001412
0.710000 0.830764   0.50001419
0.720000 0.845952   0.50001424
0.730000 0.861285   0.50001425
0.740000 0.876765   0.50001423
0.750000 0.892393   0.50001418
0.760000 0.908171   0.50001408
0.770000 0.924101   0.50001394
0.780000 0.940184   0.50001376
0.790000 0.956422   0.50001353
0.800000 0.972817   0.50001325
0.810000 0.989369   0.50001291
0.820000 1.006080   0.50001252
0.830000 1.022951   0.50001206
0.840000 1.039985   0.50001154
0.850000 1.057181   0.50001096
0.860000 1.074542   0.50001030
0.870000 1.092068   0.50000956
0.880000 1.109760   0.50000874
0.890000 1.127619   0.50000784
0.900000 1.145647   0.50000685
0.910000 1.163844   0.50000577
0.920000 1.182210   0.50000459
0.930000 1.200747   0.50000330
0.940000 1.219454   0.50000191
0.950000 1.238333   0.50000041
0.960000 1.257384   0.49999879
0.970000 1.276606   0.49999705
0.980000 1.296001   0.49999519
0.990000 1.315568   0.49999319
1.000000 1.335307   0.49999106
1.010000 1.355217   0.49998879
1.020000 1.375300   0.49998638
1.030000 1.395553   0.49998381
1.040000 1.415976   0.49998110
1.050000 1.436570   0.49997822
1.060000 1.457332   0.49997518
1.070000 1.478261   0.49997198
1.080000 1.499357   0.49996861
1.090000 1.520618   0.49996506
1.100000 1.542043   0.49996134
1.110000 1.563629   0.49995744
1.120000 1.585375   0.49995336
1.130000 1.607279   0.49994910
1.140000 1.629338   0.49994466
1.150000 1.651550   0.49994003
1.160000 1.673912   0.49993521
1.170000 1.696422   0.49993022
1.180000 1.719075   0.49992504
1.190000 1.741869   0.49991968
1.200000 1.764800   0.49991414
1.210000 1.787864   0.49990843
1.220000 1.811057   0.49990256
1.230000 1.834374   0.49989652
1.240000 1.857812   0.49989033
1.250000 1.881364   0.49988399
1.260000 1.905027   0.49987751
1.270000 1.928794   0.49987091
1.280000 1.952660   0.49986420
1.290000 1.976618   0.49985738
1.300000 2.000663   0.49985048
1.310000 2.024788   0.49984351
1.320000 2.048985   0.49983649
1.330000 2.073248   0.49982944
1.340000 2.097570   0.49982237
1.350000 2.121942   0.49981532
1.360000 2.146356   0.49980831
1.370000 2.170804   0.49980136
1.380000 2.195276   0.49979449
1.390000 2.219765   0.49978774
1.400000 2.244260   0.49978114
1.410000 2.268752   0.49977472
1.420000 2.293230   0.49976851
1.430000 2.317685   0.49976255
1.440000 2.342105   0.49975687
1.450000 2.366480   0.49975150
1.460000 2.390798   0.49974648
1.470000 2.415048   0.49974185
1.480000 2.439217   0.49973765
1.490000 2.463293   0.49973391
1.500000 2.487264   0.49973067
1.510000 2.511117   0.49972797
1.520000 2.534839   0.49972584
1.530000 2.558417   0.49972433
1.540000 2.581836   0.49972345
1.550000 2.605083   0.49972326
1.560000 2.628144   0.49972377
1.570000 2.651005   0.49972501
1.580000 2.673651   0.49972702
1.590000 2.696066   0.49972981
1.600000 2.718238   0.49973341
1.610000 2.740149   0.49973783
1.620000 2.761785   0.49974308
1.630000 2.783132   0.49974917
1.640000 2.804172   0.49975611
1.650000 2.824892   0.49976389
1.660000 2.845274   0.49977251
1.670000 2.865305   0.49978196
1.680000 2.884967   0.49979221
1.690000 2.904246   0.49980325
1.700000 2.923126   0.49981505
1.710000 2.941591   0.49982757
1.720000 2.959627   0.49984077
1.730000 2.977218   0.49985460
1.740000 2.994348   0.49986902
1.750000 3.011003   0.49988396
1.760000 3.027169   0.49989936
1.770000 3.042831   0.49991515
1.780000 3.057974   0.49993126
1.790000 3.072585   0.49994761
1.800000 3.086650   0.49996411
1.810000 3.100156   0.49998069
1.820000 3.113090   0.49999726
1.830000 3.125441   0.50001371
1.840000 3.137195   0.50002997
1.850000 3.148341   0.50004593
1.860000 3.158869   0.50006150
1.870000 3.168768   0.50007660
1.880000 3.178028   0.50009112
1.890000 3.186639   0.50010498
1.900000 3.194594   0.50011809
1.910000 3.201883   0.50013037
1.920000 3.208500   0.50014173
1.930000 3.214437   0.50015211
1.940000 3.219689   0.50016143
1.950000 3.224249   0.50016964
1.960000 3.228113   0.50017668
1.970000 3.231278   0.50018249
1.980000 3.233739   0.50018705
1.990000 3.235495   0.50019032
2.000000 3.236542   0.50019228
2.010000 3.236881   0.50019292
2.020000 3.236511   0.50019222
2.030000 3.235432   0.50019021
2.040000 3.233645   0.50018688
2.050000 3.231153   0.50018226
2.060000 3.227957   0.50017639
2.070000 3.224061   0.50016930
2.080000 3.219470   0.50016104
2.090000 3.214188   0.50015167
2.100000 3.208221   0.50014125
2.110000 3.201574   0.50012984
2.120000 3.194255   0.50011753
2.130000 3.186271   0.50010438
2.140000 3.177631   0.50009049
2.150000 3.168342   0.50007594
2.160000 3.158415   0.50006082
2.170000 3.147860   0.50004523
2.180000 3.136686   0.50002925
2.190000 3.124906   0.50001299
2.200000 3.112529   0.49999652
2.210000 3.099569   0.49997996
2.220000 3.086038   0.49996338
2.230000 3.071948   0.49994688
2.240000 3.057314   0.49993054
2.250000 3.042147   0.49991444
2.260000 3.026463   0.49989867
2.270000 3.010275   0.49988328
2.280000 2.993598   0.49986837
2.290000 2.976447   0.49985398
2.300000 2.958836   0.49984017
2.310000 2.940781   0.49982700
2.320000 2.922297   0.49981451
2.330000 2.903399   0.49980275
2.340000 2.884103   0.49979174
2.350000 2.864424   0.49978152
2.360000 2.844378   0.49977211
2.370000 2.823980   0.49976353
2.380000 2.803246   0.49975579
2.390000 2.782191   0.49974888
2.400000 2.760832   0.49974283
2.410000 2.739183   0.49973761
2.420000 2.717260   0.49973323
2.430000 2.695077   0.49972967
2.440000 2.672651   0.49972691
2.450000 2.649996   0.49972494
2.460000 2.627126   0.49972373
2.470000 2.604056   0.49972325
2.480000 2.580801   0.49972348
2.490000 2.557375   0.49972438
2.500000 2.533790   0.49972593
2.510000 2.510062   0.49972808
2.520000 2.486204   0.49973080
2.530000 2.462228   0.49973406
2.540000 2.438147   0.49973783
2.550000 2.413974   0.49974205
2.560000 2.389721   0.49974669
2.570000 2.365400   0.49975173
2.580000 2.341023   0.49975711
2.590000 2.316601   0.49976281
2.600000 2.292145   0.49976879
2.610000 2.267666   0.49977500
2.620000 2.243174   0.49978143
2.630000 2.218679   0.49978804
2.640000 2.194191   0.49979479
2.650000 2.169719   0.49980166
2.660000 2.145272   0.49980862
2.670000 2.120860   0.49981563
2.680000 2.096490   0.49982269
2.690000 2.072171   0.49982975
2.700000 2.047911   0.49983680
2.710000 2.023716   0.49984382
2.720000 1.999595   0.49985079
2.730000 1.975554   0.49985768
2.740000 1.951599   0.49986450
2.750000 1.927738   0.49987121
2.760000 1.903975   0.49987780
2.770000 1.880318   0.49988427
2.780000 1.856770   0.49989060
2.790000 1.833338   0.49989679
2.800000 1.810026   0.49990282
2.810000 1.786838   0.49990869
2.820000 1.763780   0.49991439
2.830000 1.740855   0.49991992
2.840000 1.718067   0.49992527
2.850000 1.695420   0.49993044
2.860000 1.672918   0.49993543
2.870000 1.650562   0.49994024
2.880000 1.628357   0.49994486
2.890000 1.606304   0.49994929
2.900000 1.584408   0.49995355
2.910000 1.562668   0.49995762
2.920000 1.541089   0.49996151
2.930000 1.519672   0.49996522
2.940000 1.498418   0.49996876
2.950000 1.477329   0.49997213
2.960000 1.456407   0.49997532
2.970000 1.435653   0.49997835
2.980000 1.415067   0.49998122
2.990000 1.394651   0.49998393
3.000000 1.374405   0.49998649
3.010000 1.354331   0.49998890
3.020000 1.334428   0.49999116
3.030000 1.314697   0.49999329
3.040000 1.295137   0.49999528
3.050000 1.275750   0.49999713
3.060000 1.256535   0.49999887
3.070000 1.237492   0.50000048
3.080000 1.218621   0.50000198
3.090000 1.199921   0.50000336
3.100000 1.181392   0.50000464
3.110000 1.163033   0.50000582
3.120000 1.144844   0.50000690
3.130000 1.126824   0.50000788
3.140000 1.108972   0.50000878
3.150000 1.091287   0.50000959
3.160000 1.073768   0.50001033
3.170000 1.056415   0.50001098
3.180000 1.039226   0.50001157
3.190000 1.022200   0.50001209
3.200000 1.005335   0.50001254
3.210000 0.988631   0.50001293
3.220000 0.972086   0.50001326
3.230000 0.955699   0.50001354
3.240000 0.939468   0.50001377
3.250000 0.923391   0.50001395
3.260000 0.907468   0.50001409
3.270000 0.891697   0.50001418
3.280000 0.876075   0.50001424
3.290000 0.860602   0.50001425
3.300000 0.845275   0.50001424
3.310000 0.830093   0.50001419
3.320000 0.815055   0.50001412
3.330000 0.800157   0.50001401
3.340000 0.785400   0.50001389
3.350000 0.770780   0.50001374
3.360000 0.756296   0.50001356
3.370000 0.741945   0.50001337
3.380000 0.727727   0.50001317
3.390000 0.713639   0.50001294
3.400000 0.699679   0.50001271
3.410000 0.685846   0.50001246
3.420000 0.672136   0.50001219
3.430000 0.658549   0.50001192
3.440000 0.645082   0.50001164
3.450000 0.631734   0.50001136
3.460000 0.618502   0.50001106
3.470000 0.605384   0.50001076
3.480000 0.592378   0.50001046
3.490000 0.579482   0.50001015
3.500000 0.566694   0.50000984
3.510000 0.554013   0.50000953
3.520000 0.541436   0.50000922
3.530000 0.528960   0.50000890
3.540000 0.516584   0.50000859
3.550000 0.504306   0.50000828
3.560000 0.492124   0.50000797
3.570000 0.480036   0.50000766
3.580000 0.468039   0.50000735
3.590000 0.456132   0.50000705
3.600000 0.444312   0.50000675
3.610000 0.432577   0.50000645
3.620000 0.420926   0.50000616
3.630000 0.409355   0.50000587
3.640000 0.397864   0.50000559
3.650000 0.386451   0.50000531
3.660000 0.375112   0.50000504
3.670000 0.363846   0.50000478
3.680000 0.352650   0.50000452
3.690000 0.341524   0.50000426
3.700000 0.330464   0.50000401
3.710000 0.319469   0.50000377
3.720000 0.308537   0.50000354
3.730000 0.297665   0.50000331
3.740000 0.286851   0.50000309
3.750000 0.276094   0.50000288
3.760000 0.265391   0.50000267
3.770000 0.254741   0.50000247
3.780000 0.244141   0.50000228
3.790000 0.233589   0.50000209
3.800000 0.223084   0.50000192
3.810000 0.212622   0.50000175
3.820000 0.202203   0.50000159
3.830000 0.191824   0.50000143
3.840000 0.181483   0.50000129
3.850000 0.171178   0.50000115
3.860000 0.160907   0.50000102
3.870000 0.150668   0.50000089
3.880000 0.140459   0.50000078
3.890000 0.130278   0.50000067
3.900000 0.120123   0.50000057
3.910000 0.109991   0.50000048
3.920000 0.099882   0.50000040
3.930000 0.089793   0.50000032
3.940000 0.079722   0.50000025
3.950000 0.069666   0.50000019
3.960000 0.059625   0.50000014
3.970000 0.049595   0.50000010
3.980000 0.039576   0.50000006
3.990000 0.029564   0.50000003
4.000000 0.019558   0.50000002
4.010000 0.009557   0.50000000
4.020000 -0.000443   0.50000000
4.030000 -0.010443   0.50000000
4.040000 -0.020446   0.50000002
4.050000 -0.030452   0.50000004
4.060000 -0.040464   0.50000007
4.070000 -0.050485   0.50000010
4.080000 -0.060515   0.50000015
4.090000 -0.070558   0.50000020
4.100000 -0.080614   0.50000026
4.110000 -0.090687   0.50000033
4.120000 -0.100778   0.50000040
4.130000 -0.110889   0.50000049
4.140000 -0.121022   0.50000058
4.150000 -0.131179   0.50000068
4.160000 -0.141363   0.50000079
4.170000 -0.151574   0.50000090
4.180000 -0.161816   0.50000103
4.190000 -0.172090   0.50000116
4.200000 -0.182398   0.50000130
4.210000 -0.192743   0.50000144
4.220000 -0.203125   0.50000160
4.230000 -0.213548   0.50000176
4.240000 -0.224014   0.50000193
4.250000 -0.234523   0.50000211
4.260000 -0.245079   0.50000229
4.270000 -0.255684   0.50000249
4.280000 -0.266338   0.50000269
4.290000 -0.277046   0.50000289
4.300000 -0.287808   0.50000311
4.310000 -0.298626   0.50000333
4.320000 -0.309504   0.50000356
4.330000 -0.320442   0.50000379
4.340000 -0.331442   0.50000404
4.350000 -0.342508   0.50000428
4.360000 -0.353640   0.50000454
4.370000 -0.364842   0.50000480
4.380000 -0.376114   0.50000507
4.390000 -0.387460   0.50000534
4.400000 -0.398880   0.50000562
4.410000 -0.410378   0.50000590
4.420000 -0.421956   0.50000619
4.430000 -0.433614   0.50000648
4.440000 -0.445356   0.50000677
4.450000 -0.457184   0.50000707
4.460000 -0.469099   0.50000738
4.470000 -0.481104   0.50000768
4.480000 -0.493201   0.50000799
4.490000 -0.505391   0.50000830
4.500000 -0.517678   0.50000862
4.510000 -0.530062   0.50000893
4.520000 -0.542547   0.50000924
4.530000 -0.555133   0.50000956
4.540000 -0.567824   0.50000987
4.550000 -0.580621   0.50001018
4.560000 -0.593527   0.50001049
4.570000 -0.606542   0.50001079
4.580000 -0.619670   0.50001109
4.590000 -0.632913   0.50001138
4.600000 -0.646272   0.50001167
4.610000 -0.659749   0.50001195
4.620000 -0.673347   0.50001222
4.630000 -0.687067   0.50001248
4.640000 -0.700912   0.50001273
4.650000 -0.714883   0.50001296
4.660000 -0.728983   0.50001319
4.670000 -0.743213   0.50001339
4.680000 -0.757575   0.50001358
4.690000 -0.772071   0.50001375
4.700000 -0.786703   0.50001390
4.710000 -0.801473   0.50001402
4.720000 -0.816383   0.50001412
4.730000 -0.831434   0.50001420
4.740000 -0.846629   0.50001424
4.750000 -0.861968   0.50001425
4.760000 -0.877454   0.50001423
4.770000 -0.893089   0.50001417
4.780000 -0.908874   0.50001408
4.790000 -0.924811   0.50001394
4.800000 -0.940901   0.50001375
4.810000 -0.957146   0.50001352
4.820000 -0.973547   0.50001323
4.830000 -0.990106   0.50001290
4.840000 -1.006824   0.50001250
4.850000 -1.023703   0.50001204
4.860000 -1.040744   0.50001152
4.870000 -1.057947   0.50001093
4.880000 -1.075315   0.50001027
4.890000 -1.092849   0.50000953
4.900000 -1.110548   0.50000871
4.910000 -1.128415   0.50000780
4.920000 -1.146450   0.50000681
4.930000 -1.164654   0.50000572
4.940000 -1.183028   0.50000453
4.950000 -1.201572   0.50000324
4.960000 -1.220288   0.50000185
4.970000 -1.239174   0.50000034
4.980000 -1.258232   0.49999872
4.990000 -1.277463   0.49999697
5.000000 -1.296865   0.49999510
5.010000 -1.316439   0.49999310
5.020000 -1.336186   0.49999097
5.030000 -1.356104   0.49998869
5.040000 -1.376194   0.49998627
5.050000 -1.396455   0.49998370
5.060000 -1.416886   0.49998097
5.070000 -1.437487   0.49997809
5.080000 -1.458256   0.49997505
5.090000 -1.479193   0.49997184
5.100000 -1.500296   0.49996846
5.110000 -1.521565   0.49996490
5.120000 -1.542997   0.49996117
5.130000 -1.564590   0.49995727
5.140000 -1.586343   0.49995318
5.150000 -1.608254   0.49994891
5.160000 -1.630320   0.49994446
5.170000 -1.652539   0.49993982
5.180000 -1.674907   0.49993500
5.190000 -1.697423   0.49992999
5.200000 -1.720083   0.49992480
5.210000 -1.742883   0.49991944
5.220000 -1.765820   0.49991389
5.230000 -1.788889   0.49990818
5.240000 -1.812088   0.49990229
5.250000 -1.835411   0.49989625
5.260000 -1.858854   0.49989005
5.270000 -1.882411   0.49988370
5.280000 -1.906079   0.49987722
5.290000 -1.929850   0.49987062
5.300000 -1.953720   0.49986390
5.310000 -1.977683   0.49985708
5.320000 -2.001731   0.49985017
5.330000 -2.025859   0.49984320
5.340000 -2.050060   0.49983618
5.350000 -2.074326   0.49982912
5.360000 -2.098650   0.49982206
5.370000 -2.123024   0.49981501
5.380000 -2.147439   0.49980800
5.390000 -2.171888   0.49980105
5.400000 -2.196362   0.49979419
5.410000 -2.220851   0.49978745
5.420000 -2.245346   0.49978086
5.430000 -2.269838   0.49977444
5.440000 -2.294315   0.49976824
5.450000 -2.318769   0.49976229
5.460000 -2.343187   0.49975662
5.470000 -2.367560   0.49975127
5.480000 -2.391875   0.49974627
5.490000 -2.416121   0.49974166
5.500000 -2.440286   0.49973747
5.510000 -2.464358   0.49973375
5.520000 -2.488325   0.49973054
5.530000 -2.512172   0.49972786
5.540000 -2.535888   0.49972576
5.550000 -2.559459   0.49972427
5.560000 -2.582871   0.49972343
5.570000 -2.606110   0.49972326
5.580000 -2.629162   0.49972381
5.590000 -2.652014   0.49972508
5.600000 -2.674650   0.49972713
5.610000 -2.697055   0.49972995
5.620000 -2.719215   0.49973359
5.630000 -2.741114   0.49973804
5.640000 -2.762738   0.49974333
5.650000 -2.784071   0.49974946
5.660000 -2.805098   0.49975644
5.670000 -2.825803   0.49976426
5.680000 -2.846170   0.49977292
5.690000 -2.866184   0.49978240
5.700000 -2.885830   0.49979269
5.710000 -2.905092   0.49980376
5.720000 -2.923954   0.49981559
5.730000 -2.942400   0.49982814
5.740000 -2.960417   0.49984137
5.750000 -2.977987   0.49985523
5.760000 -2.995097   0.49986967
5.770000 -3.011731   0.49988463
5.780000 -3.027874   0.49990005
5.790000 -3.043513   0.49991586
5.800000 -3.058633   0.49993198
5.810000 -3.073220   0.49994834
5.820000 -3.087261   0.49996485
5.830000 -3.100742   0.49998143
5.840000 -3.113651   0.49999799
5.850000 -3.125975   0.50001444
5.860000 -3.137702   0.50003068
5.870000 -3.148821   0.50004663
5.880000 -3.159321   0.50006218
5.890000 -3.169192   0.50007726
5.900000 -3.178423   0.50009175
5.910000 -3.187006   0.50010558
5.920000 -3.194931   0.50011865
5.930000 -3.202191   0.50013089
5.940000 -3.208778   0.50014221
5.950000 -3.214684   0.50015255
5.960000 -3.219905   0.50016182
5.970000 -3.224435   0.50016998
5.980000 -3.228269   0.50017696
5.990000 -3.231402   0.50018272
6.000000 -3.233832   0.50018722
6.010000 -3.235556   0.50019044
6.020000 -3.236572   0.50019234
6.030000 -3.236880   0.50019291
6.040000 -3.236478   0.50019216
6.050000 -3.235368   0.50019009
6.060000 -3.233550   0.50018670
6.070000 -3.231026   0.50018203
6.080000 -3.227799   0.50017610
6.090000 -3.223873   0.50016896
6.100000 -3.219251   0.50016065
6.110000 -3.213938   0.50015123
6.120000 -3.207940   0.50014076
6.130000 -3.201264   0.50012931
6.140000 -3.193915   0.50011696
6.150000 -3.185902   0.50010378
6.160000 -3.177233   0.50008986
6.170000 -3.167916   0.50007528
6.180000 -3.157961   0.50006014
6.190000 -3.147377   0.50004453
6.200000 -3.136177   0.50002854
6.210000 -3.124369   0.50001226
6.220000 -3.111967   0.49999579
6.230000 -3.098981   0.49997922
6.240000 -3.085425   0.49996265
6.250000 -3.071311   0.49994615
6.260000 -3.056652   0.49992982
6.270000 -3.041462   0.49991373
6.280000 -3.025756   0.49989797
6.290000 -3.009546   0.49988261
6.300000 -2.992848   0.49986772
6.310000 -2.975676   0.49985335
6.320000 -2.958045   0.49983957
6.330000 -2.939971   0.49982643
6.340000 -2.921468   0.49981397
6.350000 -2.902552   0.49980224
6.360000 -2.883238   0.49979127
6.370000 -2.863543   0.49978109
6.380000 -2.843481   0.49977172
6.390000 -2.823067   0.49976317
6.400000 -2.802319   0.49975546
6.410000 -2.781251   0.49974860
6.420000 -2.759878   0.49974258
6.430000 -2.738217   0.49973740
6.440000 -2.716282   0.49973306
6.450000 -2.694088   0.49972953
6.460000 -2.671651   0.49972681
6.470000 -2.648986   0.49972487
6.480000 -2.626107   0.49972369
6.490000 -2.603029   0.49972325
6.500000 -2.579766   0.49972350
6.510000 -2.556332   0.49972444
6.520000 -2.532741   0.49972601
6.530000 -2.509007   0.49972819
6.540000 -2.485143   0.49973094
6.550000 -2.461162   0.49973422
6.560000 -2.437077   0.49973800
6.570000 -2.412900   0.49974224
6.580000 -2.388644   0.49974691
6.590000 -2.364321   0.49975196
6.600000 -2.339941   0.49975736
6.610000 -2.315518   0.49976307
6.620000 -2.291060   0.49976906
6.630000 -2.266580   0.49977529
6.640000 -2.242088   0.49978172
6.650000 -2.217593   0.49978834
6.660000 -2.193105   0.49979510
6.670000 -2.168634   0.49980197
6.680000 -2.144189   0.49980893
6.690000 -2.119779   0.49981595
6.700000 -2.095411   0.49982300
6.710000 -2.071094   0.49983006
6.720000 -2.046836   0.49983711
6.730000 -2.022645   0.49984413
6.740000 -1.998527   0.49985109
6.750000 -1.974490   0.49985799
6.760000 -1.950539   0.49986480
6.770000 -1.926682   0.49987150
6.780000 -1.902924   0.49987809
6.790000 -1.879271   0.49988456
6.800000 -1.855728   0.49989088
6.810000 -1.832301   0.49989706
6.820000 -1.808995   0.49990309
6.830000 -1.785813   0.49990895
6.840000 -1.762761   0.49991464
6.850000 -1.739842   0.49992016
6.860000 -1.717060   0.49992550
6.870000 -1.694419   0.49993067
6.880000 -1.671923   0.49993565
6.890000 -1.649574   0.49994044
6.900000 -1.627376   0.49994506
6.910000 -1.605330   0.49994949
6.920000 -1.583440   0.49995373
6.930000 -1.561708   0.49995780
6.940000 -1.540136   0.49996168
6.950000 -1.518726   0.49996538
6.960000 -1.497480   0.49996891
6.970000 -1.476398   0.49997227
6.980000 -1.455483   0.49997546
6.990000 -1.434736   0.49997848
7.000000 -1.414158   0.49998134
7.010000 -1.393750   0.49998405
7.020000 -1.373512   0.49998660
7.030000 -1.353445   0.49998900
7.040000 -1.333549   0.49999126
7.050000 -1.313826   0.49999338
7.060000 -1.294274   0.49999536
7.070000 -1.274895   0.49999721
7.080000 -1.255687   0.49999894
7.090000 -1.236652   0.50000055
7.100000 -1.217788   0.50000204
7.110000 -1.199096   0.50000342
7.120000 -1.180574   0.50000470
7.130000 -1.162223   0.50000587
7.140000 -1.144041   0.50000694
7.150000 -1.126029   0.50000793
7.160000 -1.108184   0.50000882
7.170000 -1.090507   0.50000963
7.180000 -1.072995   0.50001036
7.190000 -1.055649   0.50001101
7.200000 -1.038468   0.50001159
7.210000 -1.021448   0.50001211
7.220000 -1.004591   0.50001256
7.230000 -0.987894   0.50001294
7.240000 -0.971356   0.50001328
7.250000 -0.954976   0.50001355
7.260000 -0.938752   0.50001378
7.270000 -0.922682   0.50001396
7.280000 -0.906766   0.50001409
7.290000 -0.891001   0.50001418
7.300000 -0.875386   0.50001424
7.310000 -0.859919   0.50001425
7.320000 -0.844599   0.50001424
7.330000 -0.829423   0.50001419
7.340000 -0.814391   0.50001411
7.350000 -0.799500   0.50001401
7.360000 -0.784749   0.50001388
7.370000 -0.770135   0.50001373
7.380000 -0.755656   0.50001356
7.390000 -0.741312   0.50001337
7.400000 -0.727100   0.50001316
7.410000 -0.713017   0.50001293
7.420000 -0.699063   0.50001269
7.430000 -0.685235   0.50001244
7.440000 -0.671531   0.50001218
7.450000 -0.657949   0.50001191
7.460000 -0.644488   0.50001163
7.470000 -0.631145   0.50001134
7.480000 -0.617917   0.50001105
7.490000 -0.604804   0.50001075
7.500000 -0.591804   0.50001044
7.510000 -0.578913   0.50001014
7.520000 -0.566130   0.50000983
7.530000 -0.553453   0.50000951
7.540000 -0.540880   0.50000920
7.550000 -0.528409   0.50000889
7.560000 -0.516038   0.50000858
7.570000 -0.503764   0.50000826
7.580000 -0.491586   0.50000795
7.590000 -0.479502   0.50000764
7.600000 -0.467509   0.50000734
7.610000 -0.455606   0.50000703
7.620000 -0.443789   0.50000673
7.630000 -0.432059   0.50000644
7.640000 -0.420411   0.50000615
7.650000 -0.408844   0.50000586
7.660000 -0.397357   0.50000558
7.670000 -0.385946   0.50000530
7.680000 -0.374610   0.50000503
7.690000 -0.363348   0.50000476
7.700000 -0.352155   0.50000450
7.710000 -0.341032   0.50000425
7.720000 -0.329975   0.50000400
7.730000 -0.318983   0.50000376
7.740000 -0.308053   0.50000353
7.750000 -0.297184   0.50000330
7.760000 -0.286373   0.50000308
7.770000 -0.275618   0.50000287
7.780000 -0.264918   0.50000266
7.790000 -0.254270   0.50000246
7.800000 -0.243672   0.50000227
7.810000 -0.233122   0.50000209
7.820000 -0.222619   0.50000191
7.830000 -0.212159   0.50000174
7.840000 -0.201742   0.50000158
7.850000 -0.191364   0.50000142
7.860000 -0.181025   0.50000128
7.870000 -0.170721   0.50000114
7.880000 -0.160452   0.50000101
7.890000 -0.150214   0.50000089
7.900000 -0.140007   0.50000077
7.910000 -0.129827   0.50000067
7.920000 -0.119673   0.50000057
7.930000 -0.109543   0.50000048
7.940000 -0.099434   0.50000039
7.950000 -0.089346   0.50000032
7.960000 -0.079276   0.50000025
7.970000 -0.069221   0.50000019
7.980000 -0.059180   0.50000014
7.990000 -0.049151   0.50000010
8.000000 -0.039132   0.50000006
8.010000 -0.029120   0.50000003
8.020000 -0.019115   0.50000001
8.030000 -0.009113   0.50000000
8.040000 0.000887   0.50000000
8.050000 0.010887   0.50000000
8.060000 0.020889   0.50000002
8.070000 0.030896   0.50000004
8.080000 0.040908   0.50000007
8.090000 0.050929   0.50000010
8.100000 0.060960   0.50000015
8.110000 0.071003   0.50000020
8.120000 0.081061   0.50000026
8.130000 0.091134   0.50000033
8.140000 0.101226   0.50000041
8.150000 0.111338   0.50000049
8.160000 0.121472   0.50000058
8.170000 0.131630   0.50000068
8.180000 0.141815   0.50000079
8.190000 0.152028   0.50000091
8.200000 0.162271   0.50000103
8.210000 0.172546   0.50000116
8.220000 0.182856   0.50000130
8.230000 0.193202   0.50000145
8.240000 0.203587   0.50000161
8.250000 0.214011   0.50000177
8.260000 0.224479   0.50000194
8.270000 0.234990   0.50000212
8.280000 0.245548   0.50000230
8.290000 0.256155   0.50000250
8.300000 0.266812   0.50000270
8.310000 0.277522   0.50000290
8.320000 0.288286   0.50000312
8.330000 0.299108   0.50000334
8.340000 0.309987   0.50000357
8.350000 0.320928   0.50000380
8.360000 0.331932   0.50000405
8.370000 0.343000   0.50000430
8.380000 0.354136   0.50000455
8.390000 0.365340   0.50000481
8.400000 0.376616   0.50000508
8.410000 0.387965   0.50000535
8.420000 0.399389   0.50000563
8.430000 0.410890   0.50000591
8.440000 0.422471   0.50000620
8.450000 0.434133   0.50000649
8.460000 0.445879   0.50000679
8.470000 0.457710   0.50000709
8.480000 0.469630   0.50000739
8.490000 0.481639   0.50000770
8.500000 0.493739   0.50000801
8.510000 0.505934   0.50000832
8.520000 0.518225   0.50000863
8.530000 0.530614   0.50000894
8.540000 0.543103   0.50000926
8.550000 0.555694   0.50000957
8.560000 0.568389   0.50000988
8.570000 0.581191   0.50001019
8.580000 0.594101   0.50001050
8.590000 0.607122   0.50001080
8.600000 0.620255   0.50001110
8.610000 0.633503   0.50001139
8.620000 0.646867   0.50001168
8.630000 0.660350   0.50001196
8.640000 0.673953   0.50001223
8.650000 0.687679   0.50001249
8.660000 0.701529   0.50001274
8.670000 0.715506   0.50001297
8.680000 0.729611   0.50001319
8.690000 0.743847   0.50001340
8.700000 0.758215   0.50001359
8.710000 0.772717   0.50001376
8.720000 0.787355   0.50001390
8.730000 0.802131   0.50001403
8.740000 0.817047   0.50001413
8.750000 0.832105   0.50001420
8.760000 0.847306   0.50001424
8.770000 0.862652   0.50001425
8.780000 0.878145   0.50001423
8.790000 0.893786   0.50001417
8.800000 0.909578   0.50001407
8.810000 0.925521   0.50001393
8.820000 0.941618   0.50001374
8.830000 0.957870   0.50001351
8.840000 0.974278   0.50001322
8.850000 0.990844   0.50001288
8.860000 1.007569   0.50001248
8.870000 1.024455   0.50001202
8.880000 1.041503   0.50001150
8.890000 1.058714   0.50001090
8.900000 1.076089   0.50001023
8.910000 1.093630   0.50000949
8.920000 1.111337   0.50000867
8.930000 1.129211   0.50000776
8.940000 1.147254   0.50000676
8.950000 1.165465   0.50000567
8.960000 1.183847   0.50000448
8.970000 1.202399   0.50000318
8.980000 1.221121   0.50000178
8.990000 1.240016   0.50000027
9.000000 1.259082   0.49999864
9.010000 1.278319   0.49999689
9.020000 1.297729   0.49999502
9.030000 1.317311   0.49999301
9.040000 1.337066   0.49999087
9.050000 1.356992   0.49998859
9.060000 1.377089   0.49998616
9.070000 1.397357   0.49998358
9.080000 1.417796   0.49998085
9.090000 1.438404   0.49997796
9.100000 1.459181   0.49997491
9.110000 1.480125   0.49997169
9.120000 1.501236   0.49996830
9.130000 1.522512   0.49996474
9.140000 1.543951   0.49996100
9.150000 1.565551   0.49995709
9.160000 1.587311   0.49995299
9.170000 1.609229   0.49994872
9.180000 1.631302   0.49994425
9.190000 1.653527   0.49993961
9.200000 1.675903   0.49993478
9.210000 1.698425   0.49992976
9.220000 1.721091   0.49992457
9.230000 1.743897   0.49991919
9.240000 1.766840   0.49991364
9.250000 1.789915   0.49990792
9.260000 1.813120   0.49990203
9.270000 1.836448   0.49989598
9.280000 1.859896   0.49988977
9.290000 1.883459   0.49988342
9.300000 1.907131   0.49987693
9.310000 1.930907   0.49987032
9.320000 1.954781   0.49986359
9.330000 1.978747   0.49985677
9.340000 2.002799   0.49984986
9.350000 2.026931   0.49984289
9.360000 2.051135   0.49983586
9.370000 2.075403   0.49982881
9.380000 2.099730   0.49982175
9.390000 2.124105   0.49981470
9.400000 2.148523   0.49980769
9.410000 2.172973   0.49980074
9.420000 2.197448   0.49979389
9.430000 2.221937   0.49978715
9.440000 2.246433   0.49978057
9.450000 2.270924   0.49977416
9.460000 2.295400   0.49976798
9.470000 2.319852   0.49976203
9.480000 2.344269   0.49975638
9.490000 2.368639   0.49975104
9.500000 2.392952   0.49974605
9.510000 2.417194   0.49974146
9.520000 2.441356   0.49973730
9.530000 2.465423   0.49973360
9.540000 2.489385   0.49973041
9.550000 2.513227   0.49972776
9.560000 2.536936   0.49972568
9.570000 2.560500   0.49972422
9.580000 2.583905   0.49972341
9.590000 2.607136   0.49972327
9.600000 2.630180   0.49972385
9.610000 2.653022   0.49972516
9.620000 2.675648   0.49972723
9.630000 2.698043   0.49973010
9.640000 2.720192   0.49973377
9.650000 2.742079   0.49973826
9.660000 2.763691   0.49974359
9.670000 2.785010   0.49974975
9.680000 2.806023   0.49975677
9.690000 2.826713   0.49976462
9.700000 2.847065   0.49977332
9.710000 2.867063   0.49978284
9.720000 2.886692   0.49979316
9.730000 2.905937   0.49980427
9.740000 2.924780   0.49981613
9.750000 2.943208   0.49982871
9.760000 2.961205   0.49984197
9.770000 2.978756   0.49985586
9.780000 2.995845   0.49987032
9.790000 3.012457   0.49988531
9.800000 3.028579   0.49990074
9.810000 3.044195   0.49991657
9.820000 3.059291   0.49993270
9.830000 3.073854   0.49994907
9.840000 3.087871   0.49996558
9.850000 3.101326   0.49998216
9.860000 3.114210   0.49999872
9.870000 3.126507   0.50001516
9.880000 3.138208   0.50003140
9.890000 3.149300   0.50004733
9.900000 3.159773   0.50006286
9.910000 3.169615   0.50007791
9.920000 3.178818   0.50009238
9.930000 3.187371   0.50010617
9.940000 3.195267   0.50011921
9.950000 3.202497   0.50013141
9.960000 3.209054   0.50014269
9.970000 3.214931   0.50015298
9.980000 3.220121   0.50016221
9.990000 3.224620   0.50017031
10.000000 3.228422   0.50017724
10.010000 3.231525   0.50018295
10.020000 3.233924   0.50018739
10.030000 3.235616   0.50019055
10.040000 3.236601   0.50019239
10.050000 3.236877   0.50019291
10.060000 3.236444   0.50019210
10.070000 3.235302   0.50018996
10.080000 3.233453   0.50018652
10.090000 3.230898   0.50018179
10.100000 3.227640   0.50017581
10.110000 3.223682   0.50016861
10.120000 3.219030   0.50016026
10.130000 3.213687   0.50015079
10.140000 3.207659   0.50014027
10.150000 3.200952   0.50012878
10.160000 3.193574   0.50011639
10.170000 3.185531   0.50010318
10.180000 3.176833   0.50008922
10.190000 3.167488   0.50007462
10.200000 3.157505   0.50005946
10.210000 3.146894   0.50004383
10.220000 3.135666   0.50002782
10.230000 3.123832   0.50001153
10.240000 3.111403   0.49999506
10.250000 3.098392   0.49997849
10.260000 3.084811   0.49996191
10.270000 3.070672   0.49994542
10.280000 3.055990   0.49992910
10.290000 3.040777   0.49991303
10.300000 3.025047   0.49989728
10.310000 3.008816   0.49988194
10.320000 2.992096   0.49986707
10.330000 2.974904   0.49985273
10.340000 2.957253   0.49983897
10.350000 2.939159   0.49982586
10.360000 2.920638   0.49981344
10.370000 2.901704   0.49980174
10.380000 2.882373   0.49979080
10.390000 2.862661   0.49978066
10.400000 2.842583   0.49977132
10.410000 2.822154   0.49976281
10.420000 2.801391   0.49975514
10.430000 2.780309   0.49974831
10.440000 2.758924   0.49974233
10.450000 2.737250   0.49973719
10.460000 2.715303   0.49973288
10.470000 2.693098   0.49972939
10.480000 2.670651   0.49972671
10.490000 2.647976   0.49972480
10.500000 2.625088   0.49972366
10.510000 2.602001   0.49972324
10.520000 2.578730   0.49972353
10.530000 2.555289   0.49972449
10.540000 2.531692   0.49972609
10.550000 2.507951   0.49972830
10.560000 2.484082   0.49973107
10.570000 2.460096   0.49973438
10.580000 2.436006   0.49973818
10.590000 2.411826   0.49974244
10.600000 2.387567   0.49974713
10.610000 2.363241   0.49975219
10.620000 2.338859   0.49975760
10.630000 2.314434   0.49976333
10.640000 2.289975   0.49976933
10.650000 2.265494   0.49977557
10.660000 2.241002   0.49978201
10.670000 2.216507   0.49978863
10.680000 2.192020   0.49979540
10.690000 2.167550   0.49980228
10.700000 2.143106   0.49980924
10.710000 2.118697   0.49981626
10.720000 2.094331   0.49982331
10.730000 2.070017   0.49983038
10.740000 2.045762   0.49983742
10.750000 2.021574   0.49984444
10.760000 1.997459   0.49985140
10.770000 1.973426   0.49985829
10.780000 1.949479   0.49986509
10.790000 1.925626   0.49987180
10.800000 1.901873   0.49987838
10.810000 1.878225   0.49988484
10.820000 1.854687   0.49989116
10.830000 1.831265   0.49989733
10.840000 1.807964   0.49990335
10.850000 1.784788   0.49990920
10.860000 1.761741   0.49991489
10.870000 1.738829   0.49992040
10.880000 1.716053   0.49992574
10.890000 1.693419   0.49993089
10.900000 1.670929   0.49993586
10.910000 1.648587   0.49994065
10.920000 1.626395   0.49994526
10.930000 1.604356   0.49994968
10.940000 1.582473   0.49995392
10.950000 1.560748   0.49995797
10.960000 1.539183   0.49996185
10.970000 1.517780   0.49996555
10.980000 1.496541   0.49996907
10.990000 1.475467   0.49997242
11.000000 1.454560   0.49997560
11.010000 1.433820   0.49997861
11.020000 1.413250   0.49998147
11.030000 1.392849   0.49998416
11.040000 1.372618   0.49998671
11.050000 1.352559   0.49998910
11.060000 1.332671   0.49999136
11.070000 1.312955   0.49999347
11.080000 1.293411   0.49999545
11.090000 1.274039   0.49999729
11.100000 1.254839   0.49999902
11.110000 1.235812   0.50000062
11.120000 1.216956   0.50000210
11.130000 1.198271   0.50000348
11.140000 1.179757   0.50000475
11.150000 1.161413   0.50000592
11.160000 1.143239   0.50000699
11.170000 1.125234   0.50000797
11.180000 1.107397   0.50000886
11.190000 1.089727   0.50000966
11.200000 1.072223   0.50001039
11.210000 1.054884   0.50001104
11.220000 1.037709   0.50001162
11.230000 1.020698   0.50001213
11.240000 1.003847   0.50001257
11.250000 0.987157   0.50001296
11.260000 0.970626   0.50001329
11.270000 0.954253   0.50001356
11.280000 0.938036   0.50001379
11.290000 0.921973   0.50001396
11.300000 0.906063   0.50001410
11.310000 0.890305   0.50001419
11.320000 0.874697   0.50001424
11.330000 0.859237   0.50001425
11.340000 0.843923   0.50001424
11.350000 0.828754   0.50001419
11.360000 0.813728   0.50001411
11.370000 0.798843   0.50001400
11.380000 0.784098   0.50001387
11.390000 0.769490   0.50001372
11.400000 0.755017   0.50001355
11.410000 0.740679   0.50001336
11.420000 0.726472   0.50001315
11.430000 0.712396   0.50001292
11.440000 0.698447   0.50001268
11.450000 0.684625   0.50001243
11.460000 0.670926   0.50001217
11.470000 0.657350   0.50001190
11.480000 0.643894   0.50001162
11.490000 0.630556   0.50001133
11.500000 0.617334   0.50001103
11.510000 0.604226   0.50001074
11.520000 0.591230   0.50001043
11.530000 0.578344   0.50001012
11.540000 0.565566   0.50000981
11.550000 0.552893   0.50000950
11.560000 0.540325   0.50000919
11.570000 0.527858   0.50000887
11.580000 0.515491   0.50000856
11.590000 0.503222   0.50000825
11.600000 0.491048   0.50000794
11.610000 0.478968   0.50000763
11.620000 0.466979   0.50000732
11.630000 0.455080   0.50000702
11.640000 0.443267   0.50000672
11.650000 0.431540   0.50000643
11.660000 0.419896   0.50000613
11.670000 0.408333   0.50000585
11.680000 0.396849   0.50000557
11.690000 0.385442   0.50000529
11.700000 0.374109   0.50000502
11.710000 0.362850   0.50000475
11.720000 0.351661   0.50000449
11.730000 0.340540   0.50000424
11.740000 0.329486   0.50000399
11.750000 0.318497   0.50000375
11.760000 0.307570   0.50000352
11.770000 0.296703   0.50000329
11.780000 0.285895   0.50000307
11.790000 0.275143   0.50000286
11.800000 0.264445   0.50000265
11.810000 0.253799   0.50000245
11.820000 0.243203   0.50000226
11.830000 0.232656   0.50000208
11.840000 0.222154   0.50000190
11.850000 0.211696   0.50000173
11.860000 0.201281   0.50000157
11.870000 0.190905   0.50000142
11.880000 0.180567   0.50000127
11.890000 0.170265   0.50000113
11.900000 0.159997   0.50000100
11.910000 0.149761   0.50000088
11.920000 0.139555   0.50000077
11.930000 0.129376   0.50000066
11.940000 0.119223   0.50000056
11.950000 0.109094   0.50000047
11.960000 0.098987   0.50000039
11.970000 0.088899   0.50000031
11.980000 0.078829   0.50000025
11.990000 0.068775   0.50000019
12.000000 0.058735   0.50000014
12.010000 0.048706   0.50000009
12.020000 0.038688   0.50000006
12.030000 0.028677   0.50000003
12.040000 0.018671   0.50000001
12.050000 0.008670   0.50000000
12.060000 -0.001330   0.50000000
12.070000 -0.011330   0.50000001
12.080000 -0.021333   0.50000002
12.090000 -0.031340   0.50000004
12.100000 -0.041352   0.50000007
12.110000 -0.051374   0.50000011
12.120000 -0.061405   0.50000015
12.130000 -0.071449   0.50000020
12.140000 -0.081507   0.50000026
12.150000 -0.091581   0.50000033
12.160000 -0.101674   0.50000041
12.170000 -0.111787   0.50000050
12.180000 -0.121922   0.50000059
12.190000 -0.132081   0.50000069
12.200000 -0.142267   0.50000080
12.210000 -0.152481   0.50000091
12.220000 -0.162726   0.50000104
12.230000 -0.173003   0.50000117
12.240000 -0.183314   0.50000131
12.250000 -0.193662   0.50000146
12.260000 -0.204048   0.50000161
12.270000 -0.214475   0.50000178
12.280000 -0.224944   0.50000195
12.290000 -0.235457   0.50000213
12.300000 -0.246018   0.50000231
12.310000 -0.256626   0.50000251
12.320000 -0.267286   0.50000271
12.330000 -0.277998   0.50000291
12.340000 -0.288765   0.50000313
12.350000 -0.299589   0.50000335
12.360000 -0.310471   0.50000358
12.370000 -0.321415   0.50000382
12.380000 -0.332421   0.50000406
12.390000 -0.343492   0.50000431
12.400000 -0.354631   0.50000456
12.410000 -0.365839   0.50000482
12.420000 -0.377117   0.50000509
12.430000 -0.388470   0.50000536
12.440000 -0.399897   0.50000564
12.450000 -0.411402   0.50000592
12.460000 -0.422986   0.50000621
12.470000 -0.434652   0.50000650
12.480000 -0.446402   0.50000680
12.490000 -0.458237   0.50000710
12.500000 -0.470160   0.50000741
12.510000 -0.482173   0.50000771
12.520000 -0.494278   0.50000802
12.530000 -0.506477   0.50000833
12.540000 -0.518772   0.50000864
12.550000 -0.531165   0.50000896
12.560000 -0.543659   0.50000927
12.570000 -0.556255   0.50000958
12.580000 -0.568955   0.50000990
12.590000 -0.581761   0.50001021
12.600000 -0.594677   0.50001051
12.610000 -0.607702   0.50001082
12.620000 -0.620840   0.50001111
12.630000 -0.634093   0.50001141
12.640000 -0.647462   0.50001169
12.650000 -0.660950   0.50001197
12.660000 -0.674559   0.50001224
12.670000 -0.688290   0.50001250
12.680000 -0.702146   0.50001275
12.690000 -0.716128   0.50001298
12.700000 -0.730239   0.50001320
12.710000 -0.744481   0.50001341
12.720000 -0.758855   0.50001360
12.730000 -0.773363   0.50001376
12.740000 -0.788007   0.50001391
12.750000 -0.802790   0.50001403
12.760000 -0.817712   0.50001413
12.770000 -0.832776   0.50001420
12.780000 -0.847983   0.50001424
12.790000 -0.863336   0.50001425
12.800000 -0.878835   0.50001423
12.810000 -0.894483   0.50001417
12.820000 -0.910281   0.50001406
12.830000 -0.926232   0.50001392
12.840000 -0.942335   0.50001373
12.850000 -0.958594   0.50001350
12.860000 -0.975009   0.50001321
12.870000 -0.991582   0.50001286
12.880000 -1.008315   0.50001246
12.890000 -1.025208   0.50001200
12.900000 -1.042263   0.50001147
12.910000 -1.059481   0.50001087
12.920000 -1.076864   0.50001020
12.930000 -1.094412   0.50000946
12.940000 -1.112126   0.50000863
12.950000 -1.130008   0.50000772
12.960000 -1.148058   0.50000671
12.970000 -1.166277   0.50000562
12.980000 -1.184666   0.50000442
12.990000 -1.203225   0.50000312
13.000000 -1.221956   0.50000172
13.010000 -1.240857   0.50000020
13.020000 -1.259931   0.49999857
13.030000 -1.279176   0.49999681
13.040000 -1.298594   0.49999493
13.050000 -1.318184   0.49999292
13.060000 -1.337946   0.49999077
13.070000 -1.357879   0.49998848
13.080000 -1.377984   0.49998605
13.090000 -1.398260   0.49998346
13.100000 -1.418706   0.49998072
13.110000 -1.439322   0.49997783
13.120000 -1.460106   0.49997477
13.130000 -1.481058   0.49997154
13.140000 -1.502176   0.49996815
13.150000 -1.523459   0.49996458
13.160000 -1.544905   0.49996083
13.170000 -1.566513   0.49995691
13.180000 -1.588280   0.49995281
13.190000 -1.610205   0.49994852
13.200000 -1.632284   0.49994405
13.210000 -1.654516   0.49993940
13.220000 -1.676898   0.49993456
13.230000 -1.699427   0.49992954
13.240000 -1.722099   0.49992433
13.250000 -1.744912   0.49991895
13.260000 -1.767860   0.49991339
13.270000 -1.790942   0.49990766
13.280000 -1.814152   0.49990176
13.290000 -1.837485   0.49989570
13.300000 -1.860938   0.49988949
13.310000 -1.884506   0.49988313
13.320000 -1.908183   0.49987664
13.330000 -1.931963   0.49987002
13.340000 -1.955842   0.49986329
13.350000 -1.979812   0.49985647
13.360000 -2.003868   0.49984956
13.370000 -2.028003   0.49984258
13.380000 -2.052209   0.49983555
13.390000 -2.076481   0.49982850
13.400000 -2.100809   0.49982143
13.410000 -2.125187   0.49981439
13.420000 -2.149606   0.49980738
13.430000 -2.174058   0.49980044
13.440000 -2.198533   0.49979359
13.450000 -2.223024   0.49978686
13.460000 -2.247519   0.49978028
13.470000 -2.272009   0.49977389
13.480000 -2.296485   0.49976771
13.490000 -2.320936   0.49976178
13.500000 -2.345351   0.49975613
13.510000 -2.369719   0.49975081
13.520000 -2.394028   0.49974584
13.530000 -2.418268   0.49974127
13.540000 -2.442425   0.49973712
13.550000 -2.466488   0.49973345
13.560000 -2.490444   0.49973028
13.570000 -2.514281   0.49972765
13.580000 -2.537984   0.49972561
13.590000 -2.561542   0.49972417
13.600000 -2.584939   0.49972339
13.610000 -2.608162   0.49972328
13.620000 -2.631197   0.49972389
13.630000 -2.654030   0.49972523
13.640000 -2.676646   0.49972734
13.650000 -2.699030   0.49973024
13.660000 -2.721168   0.49973395
13.670000 -2.743043   0.49973848
13.680000 -2.764642   0.49974384
13.690000 -2.785949   0.49975005
13.700000 -2.806947   0.49975710
13.710000 -2.827623   0.49976499
13.720000 -2.847959   0.49977372
13.730000 -2.867942   0.49978328
13.740000 -2.887554   0.49979364
13.750000 -2.906781   0.49980478
13.760000 -2.925607   0.49981668
13.770000 -2.944016   0.49982929
13.780000 -2.961993   0.49984257
13.790000 -2.979523   0.49985649
13.800000 -2.996591   0.49987098
13.810000 -3.013183   0.49988598
13.820000 -3.029282   0.49990144
13.830000 -3.044875   0.49991727
13.840000 -3.059949   0.49993342
13.850000 -3.074488   0.49994980
13.860000 -3.088479   0.49996632
13.870000 -3.101910   0.49998290
13.880000 -3.114767   0.49999945
13.890000 -3.127039   0.50001589
13.900000 -3.138713   0.50003211
13.910000 -3.149778   0.50004803
13.920000 -3.160222   0.50006354
13.930000 -3.170037   0.50007857
13.940000 -3.179211   0.50009300
13.950000 -3.187736   0.50010677
13.960000 -3.195602   0.50011977
13.970000 -3.202802   0.50013193
13.980000 -3.209329   0.50014317
13.990000 -3.215175   0.50015341
14.000000 -3.220335   0.50016259
14.010000 -3.224803   0.50017064
14.020000 -3.228575   0.50017752
14.030000 -3.231646   0.50018317
14.040000 -3.234014   0.50018756
14.050000 -3.235675   0.50019066
14.060000 -3.236628   0.50019244
14.070000 -3.236873   0.50019290
14.080000 -3.236408   0.50019203
14.090000 -3.235235   0.50018984
14.100000 -3.233354   0.50018634
14.110000 -3.230768   0.50018155
14.120000 -3.227479   0.50017552
14.130000 -3.223491   0.50016827
14.140000 -3.218807   0.50015986
14.150000 -3.213434   0.50015034
14.160000 -3.207376   0.50013978
14.170000 -3.200639   0.50012825
14.180000 -3.193231   0.50011582
14.190000 -3.185159   0.50010257
14.200000 -3.176432   0.50008859
14.210000 -3.167058   0.50007396
14.220000 -3.157047   0.50005877
14.230000 -3.146409   0.50004312
14.240000 -3.135154   0.50002710
14.250000 -3.123293   0.50001080
14.260000 -3.110839   0.49999432
14.270000 -3.097802   0.49997775
14.280000 -3.084196   0.49996118
14.290000 -3.070033   0.49994469
14.300000 -3.055326   0.49992838
14.310000 -3.040090   0.49991232
14.320000 -3.024338   0.49989659
14.330000 -3.008084   0.49988127
14.340000 -2.991344   0.49986642
14.350000 -2.974131   0.49985210
14.360000 -2.956460   0.49983838
14.370000 -2.938347   0.49982530
14.380000 -2.919807   0.49981290
14.390000 -2.900855   0.49980124
14.400000 -2.881507   0.49979034
14.410000 -2.861778   0.49978023
14.420000 -2.841684   0.49977092
14.430000 -2.821241   0.49976245
14.440000 -2.800463   0.49975482
14.450000 -2.779367   0.49974803
14.460000 -2.757968   0.49974209
14.470000 -2.736282   0.49973698
14.480000 -2.714323   0.49973271
14.490000 -2.692108   0.49972926
14.500000 -2.669650   0.49972661
14.510000 -2.646965   0.49972474
14.520000 -2.624068   0.49972362
14.530000 -2.600973   0.49972324
14.540000 -2.577694   0.49972356
14.550000 -2.554246   0.49972455
14.560000 -2.530642   0.49972618
14.570000 -2.506896   0.49972841
14.580000 -2.483021   0.49973121
14.590000 -2.459030   0.49973454
14.600000 -2.434936   0.49973836
14.610000 -2.410752   0.49974264
14.620000 -2.386489   0.49974734
14.630000 -2.362160   0.49975242
14.640000 -2.337777   0.49975785
14.650000 -2.313350   0.49976359
14.660000 -2.288890   0.49976960
14.670000 -2.264408   0.49977585
14.680000 -2.239915   0.49978230
14.690000 -2.215421   0.49978893
14.700000 -2.190934   0.49979570
14.710000 -2.166465   0.49980258
14.720000 -2.142023   0.49980955
14.730000 -2.117616   0.49981657
14.740000 -2.093252   0.49982363
14.750000 -2.068940   0.49983069
14.760000 -2.044688   0.49983774
14.770000 -2.020503   0.49984475
14.780000 -1.996392   0.49985171
14.790000 -1.972362   0.49985860
14.800000 -1.948420   0.49986539
14.810000 -1.924571   0.49987209
14.820000 -1.900822   0.49987867
14.830000 -1.877179   0.49988512
14.840000 -1.853646   0.49989144
14.850000 -1.830229   0.49989760
14.860000 -1.806934   0.49990361
14.870000 -1.783763   0.49990946
14.880000 -1.760723   0.49991514
14.890000 -1.737816   0.49992064
14.900000 -1.715046   0.49992597
14.910000 -1.692418   0.49993112
14.920000 -1.669935   0.49993608
14.930000 -1.647599   0.49994086
14.940000 -1.625414   0.49994546
14.950000 -1.603382   0.49994987
14.960000 -1.581506   0.49995410
14.970000 -1.559789   0.49995815
14.980000 -1.538231   0.49996202
14.990000 -1.516835   0.49996571
15.000000 -1.495603   0.49996922
15.010000 -1.474537   0.49997256
15.020000 -1.453637   0.49997573
15.030000 -1.432905   0.49997874
15.040000 -1.412341   0.49998159
15.050000 -1.391948   0.49998428
15.060000 -1.371725   0.49998682
15.070000 -1.351673   0.49998921
15.080000 -1.331793   0.49999145
15.090000 -1.312085   0.49999356
15.100000 -1.292548   0.49999553
15.110000 -1.273184   0.49999737
15.120000 -1.253992   0.49999909
15.130000 -1.234972   0.50000069
15.140000 -1.216123   0.50000217
15.150000 -1.197446   0.50000354
15.160000 -1.178940   0.50000480
15.170000 -1.160604   0.50000597
15.180000 -1.142437   0.50000703
15.190000 -1.124439   0.50000801
15.200000 -1.106609   0.50000889
15.210000 -1.088947   0.50000970
15.220000 -1.071450   0.50001042
15.230000 -1.054119   0.50001107
15.240000 -1.036952   0.50001164
15.250000 -1.019947   0.50001215
15.260000 -1.003104   0.50001259
15.270000 -0.986421   0.50001298
15.280000 -0.969897   0.50001330
15.290000 -0.953531   0.50001357
15.300000 -0.937320   0.50001380
15.310000 -0.921264   0.50001397
15.320000 -0.905361   0.50001410
15.330000 -0.889610   0.50001419
15.340000 -0.874008   0.50001424
15.350000 -0.858554   0.50001425
15.360000 -0.843247   0.50001423
15.370000 -0.828085   0.50001418
15.380000 -0.813065   0.50001410
15.390000 -0.798186   0.50001400
15.400000 -0.783447   0.50001387
15.410000 -0.768845   0.50001371
15.420000 -0.754379   0.50001354
15.430000 -0.740046   0.50001335
15.440000 -0.725845   0.50001314
15.450000 -0.711775   0.50001291
15.460000 -0.697832   0.50001267
15.470000 -0.684015   0.50001242
15.480000 -0.670322   0.50001216
15.490000 -0.656751   0.50001189
15.500000 -0.643300   0.50001161
15.510000 -0.629967   0.50001132
15.520000 -0.616750   0.50001102
15.530000 -0.603647   0.50001072
15.540000 -0.590656   0.50001042
15.550000 -0.577775   0.50001011
15.560000 -0.565001   0.50000980
15.570000 -0.552334   0.50000949
15.580000 -0.539770   0.50000917
15.590000 -0.527308   0.50000886
15.600000 -0.514945   0.50000855
15.610000 -0.502680   0.50000824
15.620000 -0.490511   0.50000792
15.630000 -0.478435   0.50000762
15.640000 -0.466450   0.50000731
15.650000 -0.454554   0.50000701
15.660000 -0.442746   0.50000671
15.670000 -0.431022   0.50000641
15.680000 -0.419382   0.50000612
15.690000 -0.407822   0.50000584
15.700000 -0.396342   0.50000555
15.710000 -0.384938   0.50000528
15.720000 -0.373609   0.50000501
15.730000 -0.362352   0.50000474
15.740000 -0.351166   0.50000448
15.750000 -0.340049   0.50000423
15.760000 -0.328998   0.50000398
15.770000 -0.318011   0.50000374
15.780000 -0.307087   0.50000351
15.790000 -0.296223   0.50000328
15.800000 -0.285417   0.50000306
15.810000 -0.274667   0.50000285
15.820000 -0.263972   0.50000264
15.830000 -0.253328   0.50000244
15.840000 -0.242735   0.50000225
15.850000 -0.232189   0.50000207
15.860000 -0.221689   0.50000189
15.870000 -0.211234   0.50000173
15.880000 -0.200820   0.50000156
15.890000 -0.190446   0.50000141
15.900000 -0.180110   0.50000127
15.910000 -0.169809   0.50000113
15.920000 -0.159543   0.50000100
15.930000 -0.149308   0.50000088
15.940000 -0.139103   0.50000076
15.950000 -0.128925   0.50000066
15.960000 -0.118773   0.50000056
15.970000 -0.108645   0.50000047
15.980000 -0.098539   0.50000039
15.990000 -0.088452   0.50000031
16.000000 -0.078383   0.50000024
16.010000 -0.068330   0.50000019
16.020000 -0.058290   0.50000014
16.030000 -0.048262   0.50000009
16.040000 -0.038244   0.50000006
16.050000 -0.028233   0.50000003
16.060000 -0.018228   0.50000001
16.070000 -0.008226   0.50000000
16.080000 0.001774   0.50000000
16.090000 0.011774   0.50000001
16.100000 0.021776   0.50000002
16.110000 0.031783   0.50000004
16.120000 0.041797   0.50000007
16.130000 0.051818   0.50000011
16.140000 0.061850   0.50000015
16.150000 0.071895   0.50000021
16.160000 0.081953   0.50000027
16.170000 0.092028   0.50000034
16.180000 0.102122   0.50000041
16.190000 0.112236   0.50000050
16.200000 0.122372   0.50000059
16.210000 0.132533   0.50000069
16.220000 0.142720   0.50000080
16.230000 0.152935   0.50000092
16.240000 0.163181   0.50000104
16.250000 0.173459   0.50000118
16.260000 0.183772   0.50000132
16.270000 0.194122   0.50000146
16.280000 0.204510   0.50000162
16.290000 0.214938   0.50000178
16.300000 0.225409   0.50000196
16.310000 0.235925   0.50000213
16.320000 0.246487   0.50000232
16.330000 0.257098   0.50000251
16.340000 0.267760   0.50000271
16.350000 0.278474   0.50000292
16.360000 0.289244   0.50000314
16.370000 0.300070   0.50000336
16.380000 0.310955   0.50000359
16.390000 0.321901   0.50000383
16.400000 0.332911   0.50000407
16.410000 0.343985   0.50000432
16.420000 0.355126   0.50000457
16.430000 0.366337   0.50000483
16.440000 0.377619   0.50000510
16.450000 0.388975   0.50000537
16.460000 0.400406   0.50000565
16.470000 0.411914   0.50000594
16.480000 0.423502   0.50000622
16.490000 0.435171   0.50000652
16.500000 0.446925   0.50000681
16.510000 0.458764   0.50000711
16.520000 0.470691   0.50000742
16.530000 0.482708   0.50000773
16.540000 0.494817   0.50000803
16.550000 0.507020   0.50000835
16.560000 0.519320   0.50000866
16.570000 0.531717   0.50000897
16.580000 0.544215   0.50000928
16.590000 0.556816   0.50000960
16.600000 0.569521   0.50000991
16.610000 0.582332   0.50001022
16.620000 0.595252   0.50001053
16.630000 0.608282   0.50001083
16.640000 0.621425   0.50001113
16.650000 0.634683   0.50001142
16.660000 0.648058   0.50001171
16.670000 0.661551   0.50001198
16.680000 0.675165   0.50001225
16.690000 0.688902   0.50001251
16.700000 0.702763   0.50001276
16.710000 0.716751   0.50001299
16.720000 0.730868   0.50001321
16.730000 0.745116   0.50001342
16.740000 0.759495   0.50001360
16.750000 0.774009   0.50001377
16.760000 0.788660   0.50001392
16.770000 0.803448   0.50001404
16.780000 0.818377   0.50001414
16.790000 0.833447   0.50001420
16.800000 0.848661   0.50001424
16.810000 0.864020   0.50001425
16.820000 0.879526   0.50001423
16.830000 0.895181   0.50001416
16.840000 0.910986   0.50001406
16.850000 0.926943   0.50001391
16.860000 0.943053   0.50001372
16.870000 0.959319   0.50001348
16.880000 0.975741   0.50001319
16.890000 0.992321   0.50001285
16.900000 1.009061   0.50001244
16.910000 1.025961   0.50001198
16.920000 1.043023   0.50001145
16.930000 1.060248   0.50001085
16.940000 1.077638   0.50001017
16.950000 1.095194   0.50000942
16.960000 1.112915   0.50000859
16.970000 1.130805   0.50000767
16.980000 1.148862   0.50000667
16.990000 1.167089   0.50000557
17.000000 1.185485   0.50000437
17.010000 1.204052   0.50000306
17.020000 1.222790   0.50000166
17.030000 1.241700   0.50000013
17.040000 1.260781   0.49999849
17.050000 1.280034   0.49999673
17.060000 1.299459   0.49999485
17.070000 1.319056   0.49999283
17.080000 1.338826   0.49999067
17.090000 1.358767   0.49998838
17.100000 1.378880   0.49998593
17.110000 1.399163   0.49998334
17.120000 1.419617   0.49998060
17.130000 1.440240   0.49997769
17.140000 1.461032   0.49997463
17.150000 1.481991   0.49997140
17.160000 1.503116   0.49996799
17.170000 1.524407   0.49996442
17.180000 1.545860   0.49996066
17.190000 1.567475   0.49995673
17.200000 1.589249   0.49995262
17.210000 1.611180   0.49994833
17.220000 1.633267   0.49994385
17.230000 1.655506   0.49993919
17.240000 1.677894   0.49993434
17.250000 1.700429   0.49992931
17.260000 1.723108   0.49992410
17.270000 1.745926   0.49991871
17.280000 1.768881   0.49991314
17.290000 1.791968   0.49990740
17.300000 1.815184   0.49990150
17.310000 1.838523   0.49989543
17.320000 1.861981   0.49988921
17.330000 1.885554   0.49988285
17.340000 1.909235   0.49987635
17.350000 1.933020   0.49986973
17.360000 1.956903   0.49986299
17.370000 1.980877   0.49985616
17.380000 2.004936   0.49984925
17.390000 2.029075   0.49984227
17.400000 2.053284   0.49983524
17.410000 2.077558   0.49982818
17.420000 2.101889   0.49982112
17.430000 2.126269   0.49981408
17.440000 2.150690   0.49980707
17.450000 2.175143   0.49980013
17.460000 2.199619   0.49979328
17.470000 2.224110   0.49978656
17.480000 2.248605   0.49977999
17.490000 2.273095   0.49977361
17.500000 2.297570   0.49976744
17.510000 2.322020   0.49976152
17.520000 2.346432   0.49975589
17.530000 2.370798   0.49975058
17.540000 2.395105   0.49974563
17.550000 2.419341   0.49974107
17.560000 2.443494   0.49973695
17.570000 2.467553   0.49973330
17.580000 2.491504   0.49973015
17.590000 2.515335   0.49972755
17.600000 2.539032   0.49972553
17.610000 2.562583   0.49972412
17.620000 2.585972   0.49972337
17.630000 2.609188   0.49972329
17.640000 2.632214   0.49972393
17.650000 2.655038   0.49972531
17.660000 2.677644   0.49972746
17.670000 2.700017   0.49973039
17.680000 2.722143   0.49973413
17.690000 2.744007   0.49973870
17.700000 2.765593   0.49974410
17.710000 2.786886   0.49975034
17.720000 2.807871   0.49975743
17.730000 2.828532   0.49976536
17.740000 2.848853   0.49977413
17.750000 2.868819   0.49978372
17.760000 2.888415   0.49979412
17.770000 2.907624   0.49980529
17.780000 2.926432   0.49981722
17.790000 2.944822   0.49982986
17.800000 2.962780   0.49984318
17.810000 2.980290   0.49985712
17.820000 2.997337   0.49987163
17.830000 3.013907   0.49988666
17.840000 3.029984   0.49990213
17.850000 3.045555   0.49991798
17.860000 3.060605   0.49993414
17.870000 3.075120   0.49995053
17.880000 3.089087   0.49996705
17.890000 3.102492   0.49998363
17.900000 3.115324   0.50000019
17.910000 3.127569   0.50001661
17.920000 3.139216   0.50003282
17.930000 3.150254   0.50004872
17.940000 3.160671   0.50006422
17.950000 3.170457   0.50007922
17.960000 3.179603   0.50009363
17.970000 3.188098   0.50010736
17.980000 3.195935   0.50012033
17.990000 3.203106   0.50013245
18.000000 3.209603   0.50014365
18.010000 3.215419   0.50015384
18.020000 3.220548   0.50016297
18.030000 3.224985   0.50017097
18.040000 3.228726   0.50017780
18.050000 3.231766   0.50018339
18.060000 3.234102   0.50018773
18.070000 3.235732   0.50019077
18.080000 3.236654   0.50019249
18.090000 3.236867   0.50019289
18.100000 3.236371   0.50019196
18.110000 3.235167   0.50018971
18.120000 3.233254   0.50018615
18.130000 3.230637   0.50018131
18.140000 3.227317   0.50017522
18.150000 3.223298   0.50016792
18.160000 3.218584   0.50015946
18.170000 3.213180   0.50014990
18.180000 3.207091   0.50013929
18.190000 3.200325   0.50012772
18.200000 3.192887   0.50011525
18.210000 3.184786   0.50010197
18.220000 3.176030   0.50008795
18.230000 3.166628   0.50007330
18.240000 3.156589   0.50005809
18.250000 3.145923   0.50004242
18.260000 3.134641   0.50002638
18.270000 3.122753   0.50001008
18.280000 3.110273   0.49999359
18.290000 3.097210   0.49997702
18.300000 3.083579   0.49996044
18.310000 3.069392   0.49994397
18.320000 3.054662   0.49992766
18.330000 3.039402   0.49991162
18.340000 3.023628   0.49989591
18.350000 3.007352   0.49988060
18.360000 2.990590   0.49986577
18.370000 2.973357   0.49985148
18.380000 2.955666   0.49983779
18.390000 2.937534   0.49982473
18.400000 2.918975   0.49981237
18.410000 2.900005   0.49980074
18.420000 2.880640   0.49978987
18.430000 2.860895   0.49977980
18.440000 2.840785   0.49977053
18.450000 2.820326   0.49976210
18.460000 2.799534   0.49975450
18.470000 2.778425   0.49974775
18.480000 2.757013   0.49974184
18.490000 2.735314   0.49973678
18.500000 2.713344   0.49973254
18.510000 2.691117   0.49972912
18.520000 2.668649   0.49972651
18.530000 2.645954   0.49972467
18.540000 2.623048   0.49972359
18.550000 2.599945   0.49972324
18.560000 2.576658   0.49972359
18.570000 2.553202   0.49972461
18.580000 2.529592   0.49972626
18.590000 2.505839   0.49972852
18.600000 2.481959   0.49973134
18.610000 2.457963   0.49973470
18.620000 2.433865   0.49973854
18.630000 2.409678   0.49974284
18.640000 2.385412   0.49974756
18.650000 2.361080   0.49975266
18.660000 2.336694   0.49975810
18.670000 2.312266   0.49976385
18.680000 2.287805   0.49976987
18.690000 2.263323   0.49977613
18.700000 2.238829   0.49978259
18.710000 2.214335   0.49978923
18.720000 2.189849   0.49979600
18.730000 2.165381   0.49980289
18.740000 2.140940   0.49980986
18.750000 2.116534   0.49981688
18.760000 2.092173   0.49982394
18.770000 2.067864   0.49983100
18.780000 2.043614   0.49983805
18.790000 2.019432   0.49984506
18.800000 1.995325   0.49985202
18.810000 1.971298   0.49985890
18.820000 1.947360   0.49986569
18.830000 1.923516   0.49987238
18.840000 1.899771   0.49987896
18.850000 1.876133   0.49988541
18.860000 1.852605   0.49989171
18.870000 1.829194   0.49989787
18.880000 1.805903   0.49990387
18.890000 1.782739   0.49990971
18.900000 1.759704   0.49991538
18.910000 1.736803   0.49992088
18.920000 1.714040   0.49992620
18.930000 1.691418   0.49993134
18.940000 1.668941   0.49993630
18.950000 1.646612   0.49994107
18.960000 1.624434   0.49994566
18.970000 1.602409   0.49995006
18.980000 1.580540   0.49995428
18.990000 1.558829   0.49995832
19.000000 1.537279   0.49996218
19.010000 1.515890   0.49996586
19.020000 1.494665   0.49996937
19.030000 1.473606   0.49997271
19.040000 1.452714   0.49997587
19.050000 1.431989   0.49997887
19.060000 1.411433   0.49998171
19.070000 1.391048   0.49998440
19.080000 1.370832   0.49998693
19.090000 1.350788   0.49998931
19.100000 1.330915   0.49999155
19.110000 1.311215   0.49999365
19.120000 1.291686   0.49999561
19.130000 1.272329   0.49999745
19.140000 1.253145   0.49999916
19.150000 1.234132   0.50000075
19.160000 1.215292   0.50000223
19.170000 1.196622   0.50000360
19.180000 1.178123   0.50000486
19.190000 1.159794   0.50000602
19.200000 1.141635   0.50000708
19.210000 1.123645   0.50000805
19.220000 1.105823   0.50000893
19.230000 1.088167   0.50000973
19.240000 1.070678   0.50001045
19.250000 1.053354   0.50001109
19.260000 1.036194   0.50001167
19.270000 1.019197   0.50001217
19.280000 1.002361   0.50001261
19.290000 0.985685   0.50001299
19.300000 0.969168   0.50001331
19.310000 0.952809   0.50001359
19.320000 0.936605   0.50001380
19.330000 0.920556   0.50001398
19.340000 0.904660   0.50001411
19.350000 0.888915   0.50001419
19.360000 0.873320   0.50001424
19.370000 0.857873   0.50001425
19.380000 0.842572   0.50001423
19.390000 0.827415   0.50001418
19.400000 0.812402   0.50001410
19.410000 0.797530   0.50001399
19.420000 0.782797   0.50001386
19.430000 0.768201   0.50001371
19.440000 0.753740   0.50001353
19.450000 0.739414   0.50001334
19.460000 0.725219   0.50001313
19.470000 0.711154   0.50001290
19.480000 0.697216   0.50001266
19.490000 0.683405   0.50001241
19.500000 0.669717   0.50001215
19.510000 0.656152   0.50001187
19.520000 0.642706   0.50001159
19.530000 0.629378   0.50001130
19.540000 0.616166   0.50001101
19.550000 0.603068   0.50001071
19.560000 0.590082   0.50001040
19.570000 0.577206   0.50001010
19.580000 0.564437   0.50000979
19.590000 0.551775   0.50000947
19.600000 0.539215   0.50000916
19.610000 0.526758   0.50000885
19.620000 0.514399   0.50000853
19.630000 0.502139   0.50000822
19.640000 0.489973   0.50000791
19.650000 0.477901   0.50000760
19.660000 0.465920   0.50000730
19.670000 0.454029   0.50000699
19.680000 0.442224   0.50000670
19.690000 0.430504   0.50000640
19.700000 0.418868   0.50000611
19.710000 0.407312   0.50000582
19.720000 0.395834   0.50000554
19.730000 0.384434   0.50000527
19.740000 0.373108   0.50000499
19.750000 0.361855   0.50000473
19.760000 0.350672   0.50000447
19.770000 0.339557   0.50000422
19.780000 0.328509   0.50000397
19.790000 0.317525   0.50000373
19.800000 0.306604   0.50000350
19.810000 0.295742   0.50000327
19.820000 0.284939   0.50000305
19.830000 0.274192   0.50000284
19.840000 0.263499   0.50000263
19.850000 0.252857   0.50000244
19.860000 0.242266   0.50000224
19.870000 0.231722   0.50000206
19.880000 0.221225   0.50000189
19.890000 0.210771   0.50000172
19.900000 0.200359   0.50000156
19.910000 0.189987   0.50000140
19.920000 0.179652   0.50000126
19.930000 0.169353   0.50000112
19.940000 0.159088   0.50000099
19.950000 0.148855   0.50000087
19.960000 0.138651   0.50000076
19.970000 0.128474   0.50000065
19.980000 0.118324   0.50000055
19.990000 0.108197   0.50000046
20.000000 0.098091   0.50000038
